map = [[138,138,138,138,138,135,13,12,155,156,159,13,12,111,10,10,10,10,10,10,10,10,10,10,10,10,10,10,10,10,10,10,10,10,10,10,10,10,10,10],[138,138,138,138,138,12,13,13,13,13,13,13,12,111,10,10,10,10,10,10,10,10,10,10,10,10,10,21,10,10,10,10,10,10,10,10,10,10,10,10],[127,116,126,116,119,12,13,12,12,12,12,12,12,111,10,21,10,10,10,10,10,10,10,10,10,10,10,10,10,10,10,10,10,10,10,10,10,10,10,10],[12,12,13,12,12,12,13,12,20,18,18,18,18,20,18,18,18,18,138,138,138,138,18,18,18,18,18,18,18,18,18,18,18,18,18,18,18,18,18,20],[12,12,13,13,13,13,13,12,111,14,14,150,162,162,162,151,14,14,138,138,138,138,14,150,162,162,162,162,151,14,14,14,14,14,14,14,14,14,14,111],[18,18,18,18,18,18,18,18,20,137,137,160,131,131,143,161,152,213,127,114,126,129,135,160,131,131,131,144,161,12,12,12,12,12,12,12,12,12,12,111],[14,14,14,14,14,14,14,14,17,11,11,127,114,126,153,129,10,10,10,10,10,12,12,160,131,131,161,154,129,12,150,162,162,151,12,12,12,12,12,111],[10,10,10,10,10,10,10,10,10,13,13,13,13,11,11,11,10,10,12,12,12,12,12,127,114,126,129,135,12,12,160,131,131,161,12,12,12,12,135,111],[13,13,13,13,13,13,13,13,13,13,13,13,13,13,11,11,11,12,12,12,12,12,12,12,12,11,12,12,12,12,127,126,114,129,12,12,12,135,152,111],[18,18,18,18,18,18,18,18,20,13,13,13,13,13,120,121,121,122,12,12,12,135,12,12,12,11,12,12,12,12,12,11,152,152,12,150,162,162,151,111],[14,14,14,14,14,14,14,14,111,150,162,162,162,151,140,141,143,142,135,12,12,12,12,12,12,11,1105,1102,1106,11,11,11,163,164,165,160,131,131,161,111],[10,10,10,10,10,10,10,10,111,160,131,144,131,161,127,114,153,129,135,12,12,12,12,12,12,11,1107,1104,1108,11,11,11,173,174,175,160,143,131,161,111],[10,10,10,10,10,10,10,10,111,127,114,154,126,129,127,118,118,129,12,150,162,162,162,151,12,11,11,11,11,11,11,11,11,213,213,127,153,114,129,111],[10,10,10,10,10,10,10,10,111,152,152,12,12,135,127,118,114,129,12,160,131,131,131,161,12,12,12,12,11,11,22,11,11,11,11,127,114,118,129,111],[10,10,10,10,10,21,10,10,111,12,12,12,135,135,127,118,118,129,150,162,151,114,126,129,12,12,12,12,11,11,11,11,11,12,12,127,118,118,129,111],[10,10,10,10,10,10,10,10,111,12,139,139,139,139,139,139,139,135,160,131,161,12,11,11,11,11,11,11,11,12,12,12,11,120,121,121,121,122,135,111],[10,10,10,10,10,10,10,10,111,12,139,139,139,139,139,139,139,135,127,114,129,12,12,12,138,138,138,138,12,12,12,12,11,140,141,141,141,142,152,111],[10,10,10,10,10,10,10,10,111,12,139,139,139,139,139,139,139,12,127,114,129,12,12,12,138,138,138,138,150,162,162,151,11,127,114,118,118,129,12,111],[10,10,10,10,10,10,10,10,111,12,127,114,118,114,118,114,129,12,127,114,129,12,12,152,127,118,118,129,160,131,131,161,11,127,118,126,114,129,12,111],[10,10,21,10,10,10,10,10,111,12,127,118,118,128,118,118,129,12,135,135,120,121,121,121,122,152,135,135,160,143,131,161,11,12,12,11,12,12,12,111],[10,10,10,10,10,10,10,10,111,12,12,12,12,11,135,12,12,12,12,135,130,131,131,131,132,12,12,135,127,153,126,129,11,11,11,11,12,12,12,111],[10,10,10,10,10,10,10,10,111,12,12,12,12,11,12,12,12,12,12,12,140,141,141,141,142,12,12,12,12,12,11,12,11,12,12,138,138,138,138,111],[10,10,10,10,10,10,10,10,111,12,12,12,12,11,11,11,11,11,11,12,127,114,183,114,129,12,12,11,11,11,11,11,11,12,12,138,138,138,138,111],[10,10,10,10,10,10,10,10,111,152,12,12,12,12,12,12,11,12,11,12,127,118,128,118,129,12,12,11,12,12,12,12,11,12,12,127,114,118,129,111],[10,10,10,10,10,10,10,10,111,138,138,138,138,138,12,12,11,12,11,12,12,12,11,12,12,12,12,11,12,12,150,162,162,162,162,151,118,114,129,111],[10,10,10,10,10,10,10,10,111,138,138,138,138,138,12,12,11,12,11,11,11,11,11,11,11,11,11,11,12,12,160,131,131,131,131,161,118,118,129,111],[10,10,10,10,10,10,10,10,111,138,138,138,138,138,12,120,121,121,121,121,122,12,12,12,12,12,12,12,12,12,160,131,144,131,131,161,118,126,129,111],[10,10,10,10,10,10,10,10,111,127,118,114,118,129,135,140,141,141,141,141,142,152,152,152,12,12,12,12,12,152,127,114,154,118,114,129,135,12,12,111],[10,10,10,10,10,10,21,10,20,18,18,18,18,18,18,18,18,18,18,18,18,18,18,18,18,18,18,18,18,18,18,18,18,18,18,18,18,18,18,20],[10,10,10,10,10,10,10,10,17,14,14,14,14,14,14,14,14,14,14,14,14,14,14,14,14,14,14,14,14,14,14,14,14,14,14,14,14,14,14,17]];
tileset = "aeropolis";
area = "aeropolis_E";
areaname = "Aeropolis - Slums";
ambience = GenericExternalAmbience();
A_sprites = [{name:"Guard",model:"arabguard",x:10,y:6,walkspeed:-1,dir:"s",elem:"AIR",conv:"c_ch3sq4"},{name:"Item Shop",model:"area_transition",x:22,y:23,dir:"n",dest:["aeropolis_E_iShop",3,6]},{name:"Warehouse",model:"DOOR5",x:13,y:19,lock:"key",key:"Bandit Key",dir:"n",dest:["aeropolis_E_warehouse",4,7]},{name:"West",model:"area_transition",x:8,y:7,dir:"w",dest:["aeropolis_S",36,19],ARROW:"W"},{name:"West",model:"area_transition",x:8,y:8,dir:"w",dest:["aeropolis_S",36,20],ARROW:"W"}];
areaLoot = [];
foes = [["AeropolisThug",null,null,null,"SOLO"],["AeropolisThug","AeropolisThug",null,null,"DUO"],["AeropolisThug","AeropolisThug","AeropolisThug",null,"TRIO"]];
btlChance = 2;
minSteps = 5;
levelrange = [5,20];
musicTrack = !GameData.plotVars.ELWYEN_DATE?"Aeropolis":"SirenSong";
AreaSetup({WARP:1});
EN_ADD("Places","Aeropolis");
