map = [[10,10,10,10,10,10,13,13,13,10,10,10,10,10,10,10,10,10,10,10,10,10,10,10,10,10,10,10,10,10,10,10,10,10,10,10,10,10,10,10],[10,10,10,10,10,110,128,12,12,17,10,10,10,10,10,10,10,10,10,13,13,13,13,13,10,10,10,10,10,10,13,13,13,13,13,10,10,10,10,10],[10,10,10,10,16,12,111,11,111,12,14,10,10,10,10,10,10,10,16,12,12,12,12,12,17,13,10,10,13,110,12,12,12,12,12,17,13,10,10,10],[10,10,10,10,16,111,11,11,11,111,14,10,10,10,10,10,10,10,16,120,125,125,125,121,12,12,17,110,12,12,11,11,11,11,111,12,12,14,10,10],[10,10,10,10,16,11,11,11,11,11,14,10,10,10,10,10,10,10,16,123,127,113,113,122,11,111,12,12,11,11,11,11,11,11,11,11,11,17,10,10],[10,10,10,10,16,11,11,11,11,11,14,10,10,10,10,10,10,10,10,15,19,123,122,111,11,11,11,11,11,11,11,11,11,11,11,11,11,12,14,10],[10,10,10,10,10,15,19,11,18,15,10,10,10,10,10,10,10,10,10,10,16,111,111,11,11,11,11,18,19,11,111,11,11,11,11,11,11,11,14,10],[10,10,10,10,10,10,110,11,17,10,10,10,10,10,10,10,10,10,10,10,110,111,11,11,11,11,11,14,16,11,11,11,11,11,11,111,11,11,14,10],[10,10,10,10,10,16,12,11,12,14,10,10,10,10,10,10,10,10,10,110,12,11,11,11,11,111,11,14,16,11,11,11,11,11,120,125,121,111,14,10],[10,10,10,10,10,110,111,11,11,17,10,10,10,10,10,10,10,10,16,12,11,11,18,15,15,15,15,10,10,19,11,11,11,120,113,113,113,121,14,10],[10,10,10,10,16,12,11,11,11,12,14,10,10,10,10,10,10,10,16,11,11,11,14,10,10,10,10,10,10,10,15,19,11,124,113,113,113,126,14,10],[10,10,10,10,16,11,11,11,11,11,17,10,10,10,10,10,10,10,16,11,11,18,10,10,10,13,13,13,13,13,13,110,11,124,113,113,113,122,14,10],[10,10,10,10,16,11,11,11,11,11,12,17,13,13,13,13,13,13,110,11,11,14,10,10,16,12,12,12,12,12,12,12,11,123,127,127,122,18,10,10],[10,10,10,10,16,111,11,11,11,11,11,12,12,12,12,12,128,12,12,11,11,14,10,10,16,11,11,11,11,11,11,11,11,18,15,15,15,10,10,10],[10,10,10,10,16,11,11,11,11,11,11,11,11,111,11,11,11,11,11,11,18,10,13,13,110,11,18,15,15,15,15,19,11,14,10,10,10,10,10,10],[10,10,10,10,10,19,11,11,11,11,11,11,11,11,11,11,11,11,11,11,14,16,128,128,12,11,14,10,13,13,13,110,11,17,13,10,10,10,10,10],[10,10,10,10,10,10,15,15,15,19,11,11,11,11,11,11,11,18,15,15,10,16,11,11,11,11,14,16,12,12,12,12,11,12,12,14,10,10,10,10],[10,10,13,13,13,10,10,10,10,10,15,15,15,15,15,15,15,10,10,10,10,16,11,18,15,15,10,16,11,11,11,11,11,11,11,14,10,10,10,10],[10,110,12,12,12,17,10,10,10,10,10,10,10,10,10,10,10,10,10,10,10,16,11,14,10,10,10,16,11,18,15,15,15,19,11,14,10,10,10,10],[16,12,11,111,11,12,14,10,10,10,10,10,10,13,13,13,13,13,10,10,10,16,11,17,13,13,13,110,11,14,10,10,10,16,11,14,10,10,10,10],[16,111,11,11,11,111,14,10,10,10,10,10,16,12,12,12,12,12,14,10,10,16,11,12,12,12,128,12,11,14,10,10,10,16,11,14,10,10,10,10],[16,11,11,11,11,11,14,10,10,10,10,10,16,11,11,11,11,11,14,10,10,16,11,11,11,11,11,11,11,14,10,10,10,16,11,14,10,10,10,10],[16,12,12,112,12,12,14,10,10,10,10,10,16,11,18,15,19,11,14,10,10,10,19,11,18,15,15,15,15,10,10,10,10,16,11,14,10,10,10,10],[16,120,125,112,125,121,14,10,10,10,10,10,16,11,14,10,16,11,14,10,10,10,16,11,17,13,13,13,13,13,13,13,13,110,11,17,10,10,10,10],[16,124,113,112,113,126,14,10,10,10,10,10,16,11,14,10,16,11,17,13,13,10,16,11,12,12,12,12,12,128,12,12,12,12,11,12,17,10,10,10],[16,124,113,112,113,126,14,10,13,13,13,13,110,11,14,10,16,11,12,12,12,14,16,11,11,11,11,11,11,11,11,11,11,11,11,11,128,14,10,10],[16,124,113,112,113,126,14,16,128,12,12,12,12,11,14,10,16,11,11,11,11,14,10,15,15,15,15,15,15,15,19,120,125,125,121,11,11,14,10,10],[16,124,113,112,113,126,14,16,11,11,11,11,11,11,14,10,10,15,15,19,11,17,13,13,13,13,13,13,13,13,16,123,127,113,113,121,11,14,10,10],[16,124,113,112,113,126,14,16,11,18,15,15,15,15,10,10,10,10,10,16,11,12,12,128,128,12,12,128,12,12,14,15,19,123,113,126,11,14,10,10],[16,123,127,112,127,122,14,16,11,14,10,10,10,10,13,13,13,13,13,110,11,11,11,11,11,11,11,11,11,11,17,13,10,19,124,126,11,14,10,10],[10,19,11,11,11,18,10,16,11,14,10,10,10,16,128,12,12,12,12,12,11,18,15,15,15,15,15,15,19,11,12,128,14,16,124,126,11,14,10,10],[10,16,11,11,11,14,10,16,11,14,10,10,10,16,11,11,11,11,11,11,11,17,13,13,13,10,10,10,16,11,120,121,17,110,124,126,11,14,10,10],[10,16,11,11,11,14,10,16,11,14,10,10,10,16,11,18,15,15,15,19,11,12,12,12,12,14,10,10,16,11,124,126,12,12,124,126,11,14,10,10],[10,10,19,11,18,10,10,16,11,14,10,10,10,16,11,14,10,10,10,16,11,11,11,11,11,14,10,10,16,11,124,113,125,125,113,122,11,14,10,10],[10,10,16,11,17,13,13,110,11,14,10,10,10,16,11,14,10,10,10,10,15,15,15,19,11,14,10,10,16,11,123,127,127,127,122,11,11,14,10,10],[10,10,16,11,12,128,128,12,11,14,10,10,10,16,11,17,13,13,13,13,13,13,13,110,11,14,10,10,16,11,11,11,11,11,11,11,18,10,10,10],[10,10,16,11,11,11,11,11,11,14,10,10,10,16,11,12,12,12,12,128,12,12,12,12,11,14,10,10,10,15,15,15,15,15,15,15,10,10,10,10],[10,10,10,15,15,15,15,15,15,10,10,10,10,16,11,11,11,11,11,11,11,11,11,11,11,14,10,10,10,10,10,10,10,10,10,10,10,10,10,10],[10,10,10,10,10,10,10,10,10,10,10,10,10,10,15,15,15,15,15,15,15,15,15,19,11,14,10,10,10,10,10,10,10,10,10,10,10,10,10,10],[10,10,10,10,10,10,10,10,10,10,10,10,10,10,10,10,10,10,10,10,10,10,10,10,117,10,10,10,10,10,10,10,10,10,10,10,10,10,10,10]];
tileset = "cave2_dream";
area = "canonia_dreamcave_d2";
areaname = "Dreamcave";
ambience = null;
dungeon = "Dreamcave";
A_sprites = [{name:"Purple Gate",model:"object",x:13,y:23,type:"switch_gate",colour:"amethyst"},{name:"Turquoise Gate",model:"object",x:17,y:23,type:"switch_gate",colour:"turquoise"},{name:"Emerald Gate",model:"object",x:8,y:31,type:"switch_gate",colour:"emerald"},{name:"S",model:"area_transition",x:24,y:39,dest:["canonia_dreamcave_d",8,2]}];
areaLoot = [{x:2,y:19,amount:11,item:"Dreamstone"},{x:4,y:19,amount:1,item:"Yggdrasil\'s Finger"},{x:7,y:2,amount:1,item:"Talisman of ONEIROS"}];
foes = MONSTER_TABLES.DREAMWOOD;
btlChance = 3;
levelrange = MONSTER_LEVELS.LIFEWOOD;
musicTrack = "Gloria_Dream";
AreaSetup({DREAM:true,LOOT:3});
