map = [[10,10,10,10,10,13,13,13,13,13,13,13,10,10,10,10],[10,10,10,10,110,128,12,128,12,128,12,128,17,10,10,10],[10,10,10,110,128,11,11,11,111,11,11,11,128,17,10,10],[10,10,16,128,11,111,11,11,11,11,11,111,11,128,14,10],[10,10,16,11,11,11,11,11,11,11,11,11,11,11,14,10],[10,10,16,11,111,11,11,11,116,11,11,11,111,11,14,10],[10,10,16,11,11,11,11,11,11,11,11,11,11,11,14,10],[10,10,16,11,11,111,11,11,11,11,11,111,11,11,14,10],[10,10,10,19,11,11,11,11,11,11,11,11,11,18,10,10],[10,10,10,10,15,19,11,11,11,11,11,18,15,10,10,10],[10,10,10,10,10,16,11,11,11,11,11,14,10,10,10,10],[10,10,10,10,10,16,111,11,11,11,18,10,10,10,10,10],[10,10,10,10,10,10,19,11,11,11,14,10,10,10,10,10],[10,10,10,10,10,10,16,11,11,11,14,10,10,10,10,10],[10,10,10,10,10,10,16,11,11,11,14,10,10,10,10,10],[10,10,10,10,10,10,16,11,11,11,14,10,10,10,10,10],[10,10,10,10,10,10,16,11,11,111,14,10,10,10,10,10],[10,10,10,10,10,10,10,19,11,18,10,10,10,10,10,10],[10,10,10,10,10,10,10,16,11,14,10,10,10,10,10,10],[10,10,10,10,10,10,10,16,11,14,10,10,10,10,10,10],[10,10,10,10,10,10,10,16,11,14,10,10,10,10,10,10],[10,10,10,10,10,10,10,10,117,10,10,10,10,10,10,10]];
tileset = "cave2";
area = "canonia_dreamcave";
areaname = "Dreamcave";
ambience = null;
dungeon = "Dreamcave";
A_sprites = [{name:"TRANSPORT_TRIGGER",model:"_trigger",x:8,y:5,triggers:-1,WALKON:true,ExecuteScript:function()
{
   if(!_root.HasAlly("Gloria") && !HASPLOTITEM("Talisman of ONEIROS"))
   {
      return undefined;
   }
   if(!HASPLOTITEM("Talisman of ONEIROS"))
   {
      MAKEPARTY(["Mardek","Gloria","Elwyen","Solaar"],true);
   }
   _root.WarpTrans(["canonia_dreamcave_d",8,5]);
}},{name:"Dream Circle",model:"object",type:"examine",x:8,y:5,walkable:true,conv:[["","It\'s a Dream Circle."]]},{name:"Save Crystal",model:"o_Crystal",x:7,y:16,walkspeed:-1,conv:"c_healingCrystal"},{name:"EXIT",model:"area_transition",x:8,y:21,dest:["WORLDMAP",1,1]}];
areaLoot = [];
foes = [];
btlChance = 0;
minSteps = 5;
levelrange = [1,1];
musicTrack = "Gloria";
AreaSetup({WARP:0,clearmap:1});
