map = [[13,13,13,10,10,10,10,10,10,10,10,13,15,13,10,10,10,13,15,13,10],[113,113,113,13,13,13,13,13,10,10,10,113,115,113,10,10,10,113,115,113,10],[122,123,124,113,113,113,113,113,10,10,10,162,160,11,13,15,13,154,155,156,10],[132,133,134,11,11,120,121,11,10,10,10,161,161,11,113,115,113,164,165,166,10],[142,143,144,10,10,10,10,112,10,10,10,160,11,161,11,11,11,174,175,176,10],[10,10,10,10,10,10,10,11,10,10,10,136,136,136,161,153,11,136,136,136,10],[10,10,10,10,10,10,10,11,10,10,10,11,11,11,11,11,11,11,11,11,10],[10,13,13,13,13,13,13,11,10,10,10,11,11,11,10,112,10,11,11,11,10],[10,113,113,113,113,113,113,112,10,10,10,11,161,11,10,11,10,11,11,11,10],[10,130,121,161,110,111,11,11,10,10,10,10,10,10,10,11,10,10,10,10,10],[10,11,110,131,12,121,110,111,10,10,10,10,10,10,10,112,10,10,10,10,10],[10,11,120,130,121,110,12,121,10,10,10,10,10,10,10,11,10,10,10,10,10],[10,11,11,11,11,120,121,11,10,10,10,10,10,13,13,11,13,13,10,10,10],[10,10,112,10,10,10,10,10,10,10,10,10,10,113,115,112,115,113,10,10,10],[10,10,11,10,13,13,13,13,13,10,13,15,13,153,11,11,11,153,13,15,13],[10,10,11,10,113,113,113,113,113,10,113,115,113,11,160,11,11,11,113,115,113],[10,10,11,13,162,161,11,11,11,13,136,136,136,111,11,11,11,161,136,136,136],[10,10,112,113,11,154,155,156,11,113,126,126,126,121,11,11,161,11,126,126,126],[10,10,111,11,11,164,165,166,11,11,11,11,11,11,11,11,11,11,11,110,111],[10,10,10,10,11,174,175,176,11,10,11,11,160,11,11,11,11,11,110,121,120],[10,10,10,10,11,11,11,11,11,10,10,10,10,10,10,10,10,10,10,10,10]];
tileset = "citadel";
area = "citadel3";
areaname = "Miasmal Citadel";
ambience = null;
dungeon = "MiasmalCitadel";
A_sprites = [{name:"Sapphire Gate",model:"object",x:15,y:12,type:"switch_gate",colour:"sapphire"},{name:"Turquoise Keystone",model:"object",x:18,y:3,type:"switch_orb",colour:"turquoise",base:"gold",conv_action:1},{name:"Moonstone Keystone",model:"object",x:6,y:18,type:"switch_orb",colour:"moonstone",base:"gold",conv_action:1},{name:"NW Portal",model:"o_portal",x:1,y:3,walkable:true},{name:"TRANSPORT_TRIGGER",model:"_trigger",x:1,y:3,triggers:-1,WALKON:true,ExecuteScript:function()
{
   _root.WarpTrans(["citadel2",28,5]);
}}];
areaLoot = [{x:12,y:3,amount:1,item:"Sheet Music IX"},{x:12,y:7,amount:1,item:"Cursed Beret"},{x:18,y:7,amount:1,item:"Elixir"},{x:20,y:19,amount:1,item:"Dark Essence"}];
foes = MONSTER_TABLES.MIASMAL_CITADEL;
btlChance = 4;
minSteps = 5;
levelrange = MONSTER_LEVELS.MIASMAL_CITADEL;
musicTrack = "SecretDungeon";
AreaSetup({WARP:1,MIASMA:1});
