map = [[13,13,13,13,13,10,10,10,10,10,13,15,13,13,15,13,13,15,13,10,10,10,10,10,10,10,10,10,10,10,10],[113,113,115,113,113,10,10,10,10,10,113,115,113,113,115,113,113,115,113,10,10,10,10,10,13,15,13,10,10,10,10],[162,11,11,11,11,10,10,10,10,10,161,11,11,11,11,11,11,11,11,10,10,10,10,10,113,115,113,10,10,10,10],[11,154,155,156,11,10,10,10,10,10,11,11,153,11,11,11,153,11,11,10,10,10,10,10,122,123,124,10,10,10,10],[11,164,165,166,11,10,10,10,10,10,11,11,11,11,11,11,11,11,11,10,10,10,10,10,132,133,134,10,10,10,10],[11,174,175,176,11,10,10,10,10,10,11,11,11,11,11,11,11,11,11,10,10,10,10,10,142,143,144,10,10,10,10],[11,11,11,11,11,10,10,10,10,10,10,11,11,11,11,11,11,11,10,10,10,10,10,10,10,11,10,10,10,10,10],[10,10,11,10,10,10,10,10,10,10,10,10,10,11,11,11,10,10,10,10,10,10,10,10,10,11,10,10,10,10,10],[10,10,11,10,10,10,10,10,10,10,10,10,10,10,112,10,10,10,10,10,10,10,10,13,13,11,13,13,10,10,10],[10,10,11,10,10,10,10,13,13,13,13,13,13,10,11,10,13,13,13,13,10,10,10,113,113,11,113,113,10,10,10],[10,10,11,10,10,10,10,113,113,113,113,113,113,10,11,10,113,113,113,113,10,10,10,153,160,11,11,153,10,10,10],[10,10,11,10,10,10,10,151,12,12,12,12,12,10,11,10,12,12,12,111,10,10,10,11,11,161,11,11,10,10,10],[10,10,11,10,10,10,10,12,10,10,10,10,12,10,11,10,12,10,10,12,10,10,10,160,11,11,160,11,10,10,10],[10,10,11,10,10,10,10,12,10,10,10,10,12,10,11,10,12,10,10,12,10,10,10,11,11,11,11,11,10,10,10],[10,13,11,13,13,13,13,12,10,10,10,10,12,13,11,13,12,10,10,12,10,10,10,11,11,11,11,11,10,10,10],[10,113,11,113,113,113,113,120,10,10,10,10,12,113,112,113,12,10,10,12,10,10,10,10,10,11,10,10,10,10,10],[10,11,11,11,160,161,11,11,10,10,10,10,12,12,131,130,12,10,10,12,13,13,13,13,13,11,10,10,10,10,10],[10,11,11,11,11,160,11,11,10,10,10,10,12,12,121,11,140,10,10,130,113,113,113,113,113,112,10,10,10,10,10],[10,11,11,11,11,11,11,11,10,10,10,10,12,121,11,11,140,10,10,11,11,11,11,11,11,11,10,10,10,10,10],[10,11,11,11,11,11,11,160,10,10,10,10,141,11,11,110,12,10,10,11,11,11,11,11,162,11,10,10,10,10,10],[10,136,136,136,136,136,136,136,10,10,10,10,141,11,11,120,151,10,10,10,10,10,10,10,10,10,10,10,10,10,10],[10,126,126,126,126,126,126,126,10,10,10,10,12,111,11,11,120,10,10,10,10,10,10,10,10,10,10,10,10,10,10],[10,126,126,126,126,126,126,126,10,10,10,10,152,12,111,11,11,10,10,10,10,10,10,10,10,10,10,10,10,10,10],[10,126,126,126,126,126,126,126,10,10,10,10,10,10,12,10,10,10,10,10,10,10,10,10,10,10,10,10,10,10,10],[10,126,126,126,126,126,126,126,10,10,10,10,10,10,12,10,10,10,10,10,10,10,10,10,10,10,10,10,10,10,10],[10,11,11,11,11,11,11,11,10,10,10,10,10,10,12,10,10,10,10,10,10,10,10,10,10,10,10,10,10,10,10],[10,11,136,136,136,136,136,136,10,10,10,10,10,10,12,10,10,10,10,10,10,10,10,10,10,10,10,10,10,10,10],[10,11,126,126,126,126,126,126,10,10,10,10,10,13,12,13,10,10,10,10,10,10,10,10,10,10,10,10,10,10,10],[10,11,126,126,126,126,126,126,13,10,10,13,15,113,130,113,15,13,10,10,13,13,13,10,10,10,10,10,13,15,13],[10,11,126,126,126,126,126,126,113,13,13,113,115,153,11,153,115,113,13,13,113,113,113,10,10,10,10,10,113,115,113],[10,11,126,126,126,126,11,11,161,113,113,153,11,11,11,11,11,153,113,113,11,160,120,10,10,10,10,10,122,123,124],[10,11,126,126,126,126,11,11,11,11,11,11,11,11,11,11,11,11,11,11,11,11,11,10,10,10,10,10,132,133,134],[10,11,126,126,126,126,11,11,11,10,10,11,11,11,11,11,11,11,10,10,11,11,11,10,10,10,10,10,142,143,144],[10,11,126,126,126,126,136,11,10,10,10,111,11,11,11,11,11,11,10,10,10,112,10,10,10,10,10,10,10,11,10],[10,11,126,126,126,126,126,11,10,10,10,10,10,111,11,11,10,10,10,10,10,11,10,10,10,10,10,10,10,11,10],[10,11,126,126,126,126,126,11,10,10,10,10,10,10,10,10,10,10,10,10,10,11,10,10,10,10,10,10,10,11,10],[10,11,126,126,126,126,126,11,10,10,10,10,10,10,10,10,10,10,10,10,10,11,13,15,13,13,13,15,13,11,10],[10,11,11,11,11,11,11,11,10,10,10,10,10,10,10,10,10,10,10,10,10,11,113,115,113,113,113,115,113,11,10],[10,10,10,10,10,10,10,10,10,10,10,10,10,10,10,10,10,10,10,10,10,11,11,11,11,160,161,162,11,11,10],[10,10,10,10,10,10,10,10,10,10,10,10,10,10,10,10,10,10,10,10,10,160,11,160,11,11,160,161,11,11,10]];
tileset = "citadel";
area = "citadel4";
areaname = "Miasmal Citadel";
ambience = null;
dungeon = "MiasmalCitadel";
A_sprites = [{name:"Moonstone Gate",model:"object",x:12,y:14,type:"switch_gate",colour:"moonstone"},{name:"Turquoise Gate",model:"object",x:16,y:14,type:"switch_gate",colour:"turquoise"},{name:"Sapphire Keystone",model:"object",x:2,y:4,type:"switch_orb",colour:"sapphire",base:"gold",conv_action:1},{name:"N Portal",model:"o_portal",x:25,y:4,walkable:true},{name:"TRANSPORT_TRIGGER",model:"_trigger",x:25,y:4,triggers:-1,WALKON:true,ExecuteScript:function()
{
   _root.WarpTrans(["citadel5",5,28]);
}},{name:"S Portal",model:"o_portal",x:29,y:31,walkable:true},{name:"TRANSPORT_TRIGGER",model:"_trigger",x:29,y:31,triggers:-1,WALKON:true,ExecuteScript:function()
{
   _root.WarpTrans(["citadel2",2,5]);
}}];
areaLoot = [{x:7,y:25,amount:1,item:"Speedy Juice"},{x:14,y:3,amount:1,item:"Cursed Blade",monsters:[["Mythril Golem"],["Mythril Golem"],[35],"SOLO"]}];
foes = MONSTER_TABLES.MIASMAL_CITADEL;
btlChance = 4;
minSteps = 5;
levelrange = MONSTER_LEVELS.MIASMAL_CITADEL;
musicTrack = "SecretDungeon";
AreaSetup({WARP:1,MIASMA:1});
