map = [[10,10,10,10,10,10,10,15,10,10,10,10,10,10,10],[10,10,10,10,10,10,10,14,10,10,10,10,10,10,10],[10,10,10,10,10,10,10,14,10,10,10,10,10,10,10],[10,10,10,10,10,10,10,14,10,10,10,10,10,10,10],[10,10,10,10,110,110,110,14,110,110,110,10,10,10,10],[10,10,110,110,19,19,19,14,19,19,19,110,110,10,10],[10,110,19,19,113,11,11,11,11,114,11,19,19,110,10],[10,19,11,11,11,11,11,11,11,11,11,11,113,19,10],[10,113,11,11,11,11,11,24,11,11,11,11,11,114,10],[16,11,11,11,11,24,11,22,11,24,11,11,11,11,16],[11,11,11,11,11,11,115,116,117,11,11,11,11,11,11],[11,11,11,11,24,11,125,126,127,11,24,11,11,11,114],[11,11,11,11,11,11,135,136,137,11,11,11,11,11,11],[11,11,113,113,114,11,11,11,11,11,113,113,114,11,11],[11,11,114,17,114,113,11,11,11,113,114,114,113,11,11],[11,113,113,114,114,113,11,11,11,114,114,113,17,11,11],[10,11,11,11,113,114,11,11,11,113,113,11,11,11,10],[10,11,10,11,11,11,11,114,11,11,11,11,10,11,10],[10,10,10,11,11,11,11,113,11,11,11,11,10,10,10],[10,10,10,11,11,114,11,11,11,113,11,11,10,10,10],[10,10,10,11,114,114,113,114,114,113,17,11,10,10,10],[10,10,10,10,11,113,11,113,11,114,11,10,10,10,10],[10,10,10,10,10,11,11,114,11,11,10,10,10,10,10],[10,10,10,10,10,10,11,11,11,10,10,10,10,10,10],[10,10,10,10,10,10,11,11,11,10,10,10,10,10,10],[10,10,10,10,10,10,11,11,11,10,10,10,10,10,10],[10,10,10,10,10,10,11,11,11,10,10,10,10,10,10],[10,10,10,10,10,10,10,14,10,10,10,10,10,10,10],[10,10,10,10,10,10,10,14,10,10,10,10,10,10,10],[10,10,10,10,10,10,10,14,10,10,10,10,10,10,10],[10,10,10,10,10,10,10,14,10,10,10,10,10,10,10],[10,10,10,10,10,10,10,14,10,10,10,10,10,10,10],[10,10,10,10,10,10,10,14,10,10,10,10,10,10,10],[10,10,10,10,13,16,13,14,13,16,13,10,10,10,10],[10,10,10,10,11,11,11,11,11,114,11,10,10,10,10],[10,10,10,10,20,21,11,11,11,20,21,10,10,10,10],[10,10,10,10,114,11,11,11,11,11,114,10,10,10,10],[10,10,10,10,11,11,11,11,11,11,11,10,10,10,10],[10,10,10,10,10,11,11,11,113,11,10,10,10,10,10],[10,10,10,10,10,11,11,11,11,17,10,10,10,10,10],[10,10,10,10,10,10,10,14,10,10,10,10,10,10,10],[10,10,10,10,10,10,10,14,10,10,10,10,10,10,10],[10,10,10,10,10,10,10,14,10,10,10,10,10,10,10],[10,10,10,10,10,10,10,14,10,10,10,10,10,10,10],[10,10,10,10,10,10,10,14,10,10,10,10,10,10,10],[10,10,10,15,10,10,10,14,10,10,10,10,10,10,10],[10,10,10,14,10,10,10,14,10,10,10,10,10,10,10],[10,10,10,14,10,12,10,14,10,10,10,10,10,10,10],[10,10,10,14,12,11,12,14,10,10,10,10,10,10,10],[10,10,10,11,11,11,11,11,10,10,10,10,10,10,10]];
tileset = "catacombs";
area = "crypt4";
areaname = "Catacombs - B4";
ambience = null;
dungeon = "Catacombs";
if(GameData.plotVars.MORIC_BEATEN == null)
{
   A_sprites = [{name:"Moric",model:"moric",x:7,y:11,walkspeed:-2,FRAME:1,elem:"EARTH",conv:"c_GdM_Moric"},{name:"WALK_TRIGGER",model:"_trigger",x:7,y:26,ExecuteScript:function()
   {
      _root.playMusic("GdM");
      DO_ACTIONS([["WALK",0,-13],["UNFREEZE"],["TALK","c_GdM_Moric","Moric"]],"PC",true);
   }}];
}
else
{
   A_sprites = [];
}
A_sprites = A_sprites.concat([{name:"Save Crystal",model:"o_Crystal",x:5,y:48,walkspeed:-1,conv:"c_healingCrystal"},{name:"Moric\'s Tome",model:"object",x:7,y:9,type:"examine",conv:[["","It seems to be filled with rather bad, depressing poetry... Or so you assume. It\'s written in a bizarre alien language though."]]},{name:"UP",model:"BIGDOOR3",x:3,y:45,dest:["crypt3",57,39],dir:"n"},{name:"DOWN",model:"BIGDOOR3",x:7,y:0,dest:["crypt5",11,69],dir:"n"}]);
if(!GameData.plotVars.CRYPT4ZOMBIE)
{
   A_sprites.push({name:"Zombie Warrior",model:"zombie_warrior",x:7,y:34,walkspeed:-1,dir:"s",elem:"DARK",conv:[["angr","RRRRAAAGHHHHHHHH!!!!"],["shok","[[PC]]Oh no! A plot-unrelated boss monster!"],Do = function()
   {
      SET_SPEAKER("Zombie Warrior");
      BATTLE([["Zombie_Warrior",null,null,null],["Zombie Warrior",null,null,null],[12,null,null,null],"SOLO"],"BossBattle",true);
      GameData.plotVars.CRYPT4ZOMBIE = 1;
      return true;
   }]});
}
areaLoot = [];
foes = [];
btlChance = 0;
minSteps = 5;
levelrange = [7,9];
musicTrack = GameData.plotVars.BEATEN_MORIC != null?"Catacombs":"EvilStirs";
AreaSetup({WARP:1,clearmap:1});
