map = [[17,20,11,11,20,11,15,11,11,11,20,20,20,20,10,10,10,10,10,10,10,10,10,10,10,10],[21,12,22,23,13,22,23,21,24,25,12,12,12,114,10,10,10,10,10,10,10,10,10,10,10,10],[114,12,110,111,12,12,12,12,12,12,12,12,12,21,10,10,10,10,10,10,10,10,10,10,10,10],[12,12,120,121,12,12,12,12,12,114,12,113,12,12,10,10,10,10,10,10,10,10,10,10,10,10],[12,12,130,131,12,12,12,12,12,12,12,12,12,12,10,10,10,10,10,10,10,10,10,10,10,10],[14,12,12,12,12,12,12,12,12,12,12,12,12,12,10,10,10,10,10,10,10,10,10,10,10,10],[14,13,12,12,12,12,12,114,14,12,12,12,12,115,10,10,10,10,10,10,10,10,10,10,10,10],[10,10,10,112,10,10,10,10,12,12,12,12,12,12,10,10,10,10,10,10,10,10,10,10,10,10],[10,10,10,10,10,10,10,10,12,12,12,12,12,12,10,10,10,10,10,10,10,10,10,10,11,15],[10,10,10,10,10,10,10,10,12,12,110,111,12,12,12,12,12,12,12,12,12,12,12,12,12,114],[10,10,10,10,10,10,10,10,12,12,120,121,24,25,30,30,30,30,30,30,30,30,30,30,12,12],[10,10,10,10,10,10,10,10,115,12,130,131,12,14,10,10,10,10,10,10,10,10,10,10,10,112],[10,10,10,10,10,10,10,10,21,12,12,12,12,12,10,10,10,10,10,10,10,10,10,10,10,112],[10,10,10,10,10,10,10,10,115,115,12,14,21,21,10,10,10,10,10,10,10,10,10,10,10,112],[10,10,10,10,10,10,10,10,10,10,10,10,10,10,10,10,10,10,10,10,10,10,10,10,10,112],[10,10,10,10,10,10,10,10,10,10,10,10,10,10,10,10,10,10,10,10,10,10,10,10,10,112]];
tileset = "deadhouse";
area = "DeadHouse1";
areaname = "House in the Woods";
dungeon = "SaulsHouse";
ambience = {ra:66,rb:0,ga:70,gb:0,ba:63,bb:0,aa:100,ab:0};
A_sprites = [{name:"Door",model:"DOOR4",x:3,y:8,dest:["HouseInWoods",7,6]},{name:"SecretStairs",model:"area_transition",x:25,y:15,dest:["DeadHouse2",0,12],ARROW:"S"}];
areaLoot = [];
foes = [["Zombie",null,null,null,"SOLO"]];
btlChance = 0;
minSteps = 5;
levelrange = [3,6];
musicTrack = "Saul";
AreaSetup({clearmap:1});
