map = [[10,10,10,10,13,13,13,13,13,10,10,10,10],[10,10,13,17,136,136,136,136,136,18,13,10,10],[10,17,136,136,136,136,136,136,136,136,136,18,10],[16,136,136,136,152,116,11,116,151,136,136,136,14],[16,136,128,152,153,116,114,116,152,11,129,136,14],[16,128,133,11,151,116,116,116,11,153,127,129,14],[16,135,133,136,11,152,116,11,153,136,127,133,14],[16,135,133,136,136,136,116,136,136,136,127,133,14],[16,135,127,129,136,136,116,136,136,128,127,133,14],[16,135,127,127,127,129,116,128,127,127,127,133,14],[10,110,127,127,130,113,116,113,131,127,127,19,10],[10,10,15,110,113,11,153,11,113,19,15,10,10],[10,10,10,16,11,11,11,11,11,14,10,10,10],[10,10,10,16,11,11,11,11,151,14,10,10,10],[10,10,10,10,110,11,11,11,19,10,10,10,10],[10,10,10,10,10,110,114,19,10,10,10,10,10],[10,10,10,10,10,16,114,14,10,10,10,10,10],[10,10,10,10,10,16,114,14,10,10,10,10,10],[10,10,10,10,10,16,114,14,10,10,10,10,10],[10,10,10,10,10,16,114,14,10,10,10,10,10]];
tileset = "sandcave";
area = "desertcave";
areaname = "Desert Cave";
ambience = {ra:90,rb:0,ga:60,gb:0,ba:60,bb:0,aa:100,ab:0};
A_sprites = [{name:"Save Crystal",model:"o_Crystal",x:4,y:13,walkspeed:-1,conv:"c_healingCrystal"},{name:"EXIT",model:"area_transition",x:6,y:19,dest:["desertpath",31,18],ARROW:"S"}];
areaLoot = [{x:6,y:3,amount:1,item:"Yin and Yang",monsters:[["Bone Demon"],["Bone Demon"],40,"DRAGON"],specialMusic:"BossBattle"}];
foes = MONSTER_TABLES.SANDCAVE;
btlChance = 0;
minSteps = 5;
levelrange = MONSTER_LEVELS.SANDCAVE;
musicTrack = "SandflowCaves";
AreaSetup({LOOT:5,WARP:false});
