map = [[10,10,10,10,10,10,10,10,10,10,10,10,10,10,10,10,10,10,10,10,10,10,10,10,10,10,17,11,17,10,10,10,10,10,10,10,10,10,10,10,10,10,10,10,10,10,10,10,10,10],[10,10,10,10,10,10,10,10,10,10,10,10,10,10,10,10,10,10,10,10,10,10,10,17,10,10,17,11,17,10,10,10,10,10,10,10,10,10,10,10,10,10,10,10,10,20,10,10,10,10],[10,10,10,20,10,10,10,10,10,10,10,10,10,10,18,19,10,10,10,10,10,10,10,10,10,18,19,11,17,10,10,10,10,10,10,10,10,10,10,10,10,10,10,10,10,10,10,10,10,10],[10,10,10,10,10,10,10,18,19,10,10,10,10,10,118,119,10,10,10,10,10,10,10,10,10,118,119,11,17,10,10,10,10,10,10,10,17,10,10,10,10,10,10,10,10,10,10,10,10,10],[10,10,10,10,10,10,10,118,119,10,10,10,10,10,10,10,10,10,10,10,10,10,10,18,19,17,20,11,17,10,10,17,10,10,10,10,10,10,10,10,10,10,17,10,10,10,10,10,17,10],[10,10,10,10,10,10,10,10,10,10,10,10,10,10,10,10,10,10,10,10,10,17,10,118,119,10,10,11,10,17,10,10,10,10,20,10,10,10,10,117,10,10,10,10,10,17,17,10,10,10],[10,10,10,10,10,10,10,10,10,10,10,10,10,10,10,10,10,10,17,10,10,10,18,19,10,10,10,11,10,18,19,10,10,10,10,10,10,10,10,10,10,18,19,17,17,17,17,18,19,17],[10,10,10,10,10,10,10,10,10,10,10,10,10,20,10,10,10,10,10,10,10,17,118,119,10,10,10,11,10,118,119,10,10,10,10,10,10,10,20,17,17,118,119,20,10,10,10,118,119,17],[10,10,10,10,17,10,10,10,10,10,10,17,10,10,10,17,10,10,17,17,17,17,10,10,10,10,10,11,10,20,10,18,19,10,17,10,10,10,10,17,10,10,10,13,12,12,12,12,12,12],[10,117,10,10,10,10,10,10,10,10,10,10,10,10,10,18,19,17,10,10,10,10,10,10,20,10,10,11,10,10,10,118,119,10,10,10,10,10,10,17,10,13,12,114,10,117,17,17,17,17],[10,10,10,10,10,10,10,10,10,10,10,10,10,10,10,118,119,10,10,10,10,18,19,10,10,10,13,114,10,10,17,10,17,10,10,10,10,18,19,17,10,11,10,10,10,17,17,17,10,10],[10,10,10,10,10,10,10,10,10,17,10,10,10,10,17,20,10,17,10,10,10,118,119,10,10,10,11,10,10,10,10,10,17,17,10,10,10,118,119,10,10,11,10,10,17,17,17,10,10,10],[10,10,10,10,10,10,10,10,10,10,10,10,10,10,17,10,10,10,17,10,10,10,10,10,10,10,11,10,10,10,10,10,17,10,10,10,10,10,10,17,10,11,10,17,17,10,10,10,17,10],[10,10,10,20,10,10,10,10,10,10,10,10,17,10,17,10,10,10,10,10,10,10,10,13,12,12,114,10,10,10,10,10,17,20,10,10,10,10,10,17,10,11,10,17,10,10,10,10,10,10],[10,10,10,10,10,10,10,10,20,10,10,10,10,17,17,10,10,10,10,17,10,10,10,11,10,10,10,10,10,17,10,17,17,117,10,10,20,10,17,10,10,11,10,17,17,10,10,10,10,10],[10,10,10,10,10,10,10,10,10,17,10,18,19,17,10,10,10,10,10,10,10,10,10,11,10,10,10,10,10,10,10,17,17,18,19,17,10,10,17,10,10,11,10,10,17,10,17,20,10,10],[10,10,10,10,10,18,19,10,117,10,10,118,119,10,10,10,10,20,10,10,10,10,10,11,10,10,17,10,10,17,110,111,112,118,119,10,10,10,17,10,10,11,10,10,17,10,10,10,10,10],[10,10,10,10,10,118,119,10,10,10,17,10,17,10,10,10,10,10,10,10,10,10,10,11,10,10,10,10,10,10,120,121,122,17,20,20,17,17,17,10,10,11,10,10,17,10,10,10,10,10],[10,10,17,10,10,10,10,10,10,17,10,10,10,10,10,10,10,10,10,117,10,10,10,11,10,10,10,10,20,10,10,11,10,10,17,17,18,19,10,10,10,11,10,10,10,17,18,19,10,10],[10,10,10,10,10,10,10,10,17,17,10,10,10,10,10,10,10,10,10,10,10,10,10,11,10,10,10,10,10,10,10,11,10,10,10,10,118,119,10,10,10,113,14,10,10,10,118,119,10,10],[10,10,10,10,10,17,18,19,17,10,10,20,10,10,10,10,10,10,10,10,10,10,10,11,10,10,10,10,10,10,10,11,10,17,10,10,10,10,10,17,10,10,11,10,10,10,17,10,10,10],[17,17,17,17,17,17,118,119,10,10,10,10,10,10,10,10,17,10,10,10,10,10,20,11,10,10,10,10,10,10,10,11,10,10,10,10,10,10,10,10,10,10,11,10,10,10,10,17,17,10],[12,12,12,12,12,12,12,12,12,12,12,12,12,14,10,10,10,10,10,10,13,12,12,116,12,12,12,12,12,12,12,116,12,12,12,12,14,10,10,10,10,10,11,10,20,10,10,10,17,10],[17,17,17,17,10,10,10,10,10,10,10,10,10,11,10,10,10,10,10,10,11,10,10,10,10,10,10,10,10,10,10,10,10,10,10,10,113,12,14,10,10,10,11,10,10,10,117,10,17,10],[10,10,10,10,17,10,10,10,10,17,10,10,10,11,10,10,10,10,10,10,11,10,10,10,10,10,10,10,10,10,10,10,10,10,10,10,10,10,113,14,10,10,11,10,10,10,10,17,10,10],[10,10,10,10,10,17,10,10,10,10,10,10,10,113,12,12,12,12,12,12,114,10,20,10,10,10,10,17,10,10,10,10,10,10,10,10,10,10,10,113,12,12,114,10,17,10,10,17,10,10],[10,18,19,10,10,17,10,17,10,10,17,10,10,10,10,10,10,10,10,10,10,10,10,10,10,10,10,10,10,117,17,17,17,10,10,20,10,10,10,10,10,10,10,10,10,10,17,18,19,10],[10,118,119,10,10,17,17,10,10,10,10,10,10,18,19,10,10,10,10,10,10,10,10,10,10,10,18,19,17,17,10,10,17,17,17,10,10,10,10,10,10,10,10,10,10,10,10,118,119,10],[10,10,10,10,10,10,17,17,17,17,17,10,10,118,119,17,10,10,18,19,17,10,17,17,18,19,118,119,10,10,10,10,17,10,10,17,17,17,10,10,10,18,19,17,17,17,17,10,10,10],[10,10,10,10,10,10,10,10,10,10,17,17,17,17,17,17,17,17,118,119,17,17,10,10,118,119,10,10,10,10,10,10,10,10,10,10,10,10,17,17,17,118,119,10,10,17,10,10,17,10]];
tileset = "desert";
area = "DesertPath";
areaname = "Desert Path";
ambience = null;
dungeon = null;
ambience = GenericExternalAmbience();
A_sprites = [{name:"Cave",model:"area_transition",x:31,y:17,dest:["desertcave",6,18]},{name:"N",model:"area_transition",x:27,y:3,dest:["WORLDMAP",1,1],ARROW:"N"},{name:"W",model:"area_transition",x:3,y:22,dest:["WORLDMAP",1,1],ARROW:"W"},{name:"E",model:"area_transition",x:47,y:8,dest:["WORLDMAP",1,1],ARROW:"E"}];
areaLoot = [{x:11,y:17,amount:1,item:"Potted Cactus"},{x:46,y:27,amount:1,item:"Golden Conch"},{x:21,y:28,amount:1,item:"Gold Ore"}];
musicTrack = !GameData.plotVars.SUNSET?"WorldMap":"crickets";
foes = [];
btlChance = 0;
minSteps = 5;
levelrange = [1,1];
AreaSetup();
