map = [[10,10,10,10,10,14,13,13,13,14,10,10,10,10,10],[10,10,13,14,13,15,16,12,16,15,13,14,13,10,10],[10,13,12,15,16,11,11,11,11,11,16,15,12,13,10],[10,16,11,11,11,11,11,11,11,11,11,11,11,16,10],[13,11,11,11,11,11,11,11,11,11,11,11,11,11,13],[12,11,11,11,11,11,11,11,11,11,11,11,11,11,12],[11,11,11,11,11,11,11,11,11,11,11,11,11,11,11],[11,11,11,11,11,17,11,11,11,17,11,11,11,11,11],[11,11,11,11,11,11,11,11,11,11,11,11,11,11,11],[10,10,10,10,11,11,11,11,11,11,11,10,10,10,10],[10,10,10,10,11,11,11,11,11,11,11,10,10,10,10],[13,14,14,14,11,11,11,11,11,11,11,14,14,14,13],[16,15,15,15,11,11,11,11,11,11,11,15,15,15,16],[11,11,11,11,11,11,11,11,11,11,11,11,11,11,11],[11,11,11,11,11,17,11,11,11,17,11,11,11,11,11],[11,11,11,11,11,11,11,11,11,11,11,11,11,11,11],[10,10,10,11,11,11,11,11,11,11,11,11,10,10,10],[10,10,10,11,11,11,11,11,11,11,11,11,10,10,10],[14,14,14,11,11,11,11,11,11,11,11,11,14,14,14],[15,15,15,11,11,11,11,11,11,11,11,11,15,15,15],[11,11,11,11,11,11,11,11,11,11,11,11,11,11,11],[11,11,11,11,11,17,11,11,11,17,11,11,11,11,11],[11,11,11,11,11,11,11,11,11,11,11,11,11,11,11],[10,10,10,10,11,11,11,11,11,11,11,10,10,10,10],[10,10,10,14,11,11,11,11,11,11,11,14,10,10,10],[13,14,13,15,11,11,11,11,11,11,11,15,13,14,13],[12,15,16,11,11,11,11,11,11,11,11,11,16,15,12],[11,11,11,11,11,11,11,11,11,11,11,11,11,11,11],[11,11,11,11,11,11,11,11,11,11,11,11,11,11,11],[11,11,11,17,11,11,11,11,11,11,11,17,11,11,11],[11,11,11,11,11,11,11,11,11,11,11,11,11,11,11],[11,11,11,11,11,11,11,11,11,11,11,11,11,11,11],[11,11,11,11,11,17,11,11,11,17,11,11,11,11,11],[11,11,11,11,11,11,11,11,11,11,11,11,11,11,11],[10,10,10,11,11,11,11,11,11,11,11,11,10,10,10],[10,10,10,10,10,11,11,11,11,11,10,10,10,10,10],[10,10,10,10,10,10,11,11,11,10,10,10,10,10,10],[10,10,10,10,10,10,11,11,11,10,10,10,10,10,10],[10,10,10,10,10,10,10,11,10,10,10,10,10,10,10],[10,10,10,10,10,10,10,11,10,10,10,10,10,10,10]];
tileset = "dragonlair";
area = "DL_area2";
areaname = "Dragon\'s Lair";
ambience = null;
dungeon = "DragonLair";
A_sprites = [{name:"INTERJECTION",model:"_trigger",x:7,y:38,ExecuteScript:function()
{
   _root.Interjection("Deugan","intro_tut","c_HeroBabble");
}},{name:"N",model:"BIGDOOR0",x:7,y:1,dest:["DL_area3",15,34]},{name:"S",model:"BIGDOOR0",x:7,y:40,dest:["DL_entr",5,2]}];
areaLoot = [];
foes = [["monster",null,null,null,"SOLO"],["monster","monster",null,null,"DUO"],["monster","monster","monster",null,"TRIO"]];
btlChance = 10;
levelrange = MONSTER_LEVELS.DRAGON_LAIR;
musicTrack = "MightyHeroes";
AreaSetup({clearmap:1,NoStorage:true});
