map = [[10,10,10,10,10,14,14,14,10,10,10,10,10],[10,10,10,14,14,15,15,15,14,14,10,10,10],[10,10,14,15,15,11,11,11,15,15,14,10,10],[10,14,15,11,17,11,11,11,17,11,15,14,10],[10,15,11,11,11,11,11,11,11,11,11,15,10],[13,11,17,11,11,11,11,11,11,11,17,11,13],[16,11,11,11,11,11,11,11,11,11,11,11,16],[11,11,11,11,17,11,11,11,17,11,11,11,11],[11,11,11,11,11,11,11,11,11,11,11,11,11],[10,11,11,11,11,11,11,11,11,11,11,11,10],[10,10,10,11,11,11,11,11,11,11,10,10,10],[10,10,10,10,11,11,11,11,11,10,10,10,10],[10,10,10,10,10,11,11,11,10,10,10,10,10],[10,10,10,10,10,10,11,10,10,10,10,10,10],[10,10,10,10,10,10,18,10,10,10,10,10,10],[10,10,10,10,10,10,18,10,10,10,10,10,10],[10,10,10,10,10,10,18,10,10,10,10,10,10],[10,10,10,10,10,10,18,10,10,10,10,10,10],[10,10,10,10,10,10,18,10,10,10,10,10,10],[10,10,10,10,10,10,18,10,10,10,10,10,10],[10,10,10,10,10,10,18,10,10,10,10,10,10],[10,10,10,10,10,10,11,10,10,10,10,10,10],[10,10,10,10,10,10,18,10,10,10,10,10,10],[10,10,10,10,10,10,18,10,10,10,10,10,10],[10,10,10,10,10,10,18,10,10,10,10,10,10],[10,10,10,10,10,10,18,10,10,10,10,10,10],[10,10,10,10,10,10,18,10,10,10,10,10,10],[10,10,10,10,10,10,18,10,10,10,10,10,10],[10,10,10,10,10,10,18,10,10,10,10,10,10],[10,10,10,10,10,10,11,10,10,10,10,10,10],[10,10,10,10,10,10,18,10,10,10,10,10,10],[10,10,10,10,10,10,18,10,10,10,10,10,10],[10,10,10,10,10,10,18,10,10,10,10,10,10],[10,10,10,10,10,10,18,10,10,10,10,10,10],[10,10,10,10,10,10,18,10,10,10,10,10,10],[10,10,10,10,10,10,11,10,10,10,10,10,10],[10,10,10,10,10,10,18,10,10,10,10,10,10],[10,10,10,10,10,10,18,10,10,10,10,10,10],[10,10,10,10,10,10,18,10,10,10,10,10,10],[10,10,10,10,10,10,18,10,10,10,10,10,10]];
tileset = "dragonlair";
area = "DL_area4";
areaname = "Dragon\'s Lair";
ambience = null;
dungeon = "DragonLair";
A_sprites = [{name:"The Dragon",model:"dragon",x:6,y:7,walkspeed:-1,dir:"s",elem:"DARK",conv:[["","You shouldn\'t be able to talk to me! REPORT THIS BUG PLEASE!"]]},{name:"Princess",model:"princess",x:6,y:3,walkspeed:-1,dir:"s",elem:"LIGHT",conv:[["","You shouldn\'t be able to talk to me! REPORT THIS BUG PLEASE!"]]},{name:"S",model:"BIGDOOR0",x:6,y:40,dest:["DL_area3",15,2]},{name:"WALK_TRIGGER",model:"_trigger",x:6,y:12,triggers:1,ExecuteScript:function()
{
   DO_ACTIONS([["WALK",0,-4],["UNFREEZE"],["TALK","c_HeroBabble","PC"]],"PC",true);
}}];
areaLoot = [];
foes = [];
btlChance = 0;
levelrange = MONSTER_LEVELS.DRAGON_LAIR;
musicTrack = !TempVars.DRAGON_SLAIN?"MightyHeroes":"VictoryFanfare";
AreaSetup({clearmap:1,NoStorage:true});
