map = [[10,10,10,10,10,10,10,10,10,10,10,10,13,14,13,13,13,14,13,10,10,10,10,10,10,10,10,10,10,10,10],[13,14,13,14,13,14,13,13,10,10,10,13,16,15,12,12,12,15,16,13,10,10,10,13,13,14,13,14,13,14,13],[12,15,12,15,16,15,12,12,13,14,13,12,11,11,11,11,11,11,11,12,13,14,13,12,12,15,16,15,12,15,12],[11,11,11,11,11,11,11,11,12,15,16,11,11,11,11,11,11,11,11,11,16,15,12,11,11,11,11,11,11,11,11],[11,11,11,11,11,11,11,11,11,11,11,11,11,11,11,11,11,11,11,11,11,11,11,11,11,11,11,11,11,11,11],[11,11,11,11,11,11,11,11,11,11,11,11,11,17,11,11,11,17,11,11,11,11,11,11,11,11,11,11,11,11,11],[11,11,11,11,11,11,11,11,11,11,11,11,11,11,11,11,11,11,11,11,11,11,11,11,11,11,11,11,11,11,11],[11,11,11,11,11,11,11,11,11,11,11,11,11,11,11,11,11,11,11,11,11,11,11,11,11,11,11,11,11,11,11],[11,11,11,11,11,10,10,10,10,10,10,10,10,10,10,10,10,10,10,10,10,10,10,10,10,10,11,11,11,11,11],[11,11,11,11,11,10,10,10,10,10,10,10,10,10,10,10,10,10,10,10,10,10,10,10,10,10,11,11,11,11,11],[17,11,11,11,17,10,10,10,10,10,10,10,10,10,10,10,10,10,10,10,10,10,10,10,10,10,17,11,11,11,17],[11,11,11,11,11,10,10,10,10,10,10,10,10,10,10,10,10,10,10,10,10,10,10,10,10,10,11,11,11,11,11],[11,11,11,11,11,10,10,10,10,10,10,10,10,10,10,10,10,10,10,10,10,10,10,10,10,10,11,11,11,11,11],[11,11,11,11,11,10,10,10,10,10,10,10,10,10,10,10,10,10,10,10,10,10,10,10,10,10,11,11,11,11,11],[11,11,11,11,11,14,13,10,10,10,10,10,10,10,10,10,10,10,10,10,10,10,10,10,13,14,11,11,11,11,11],[11,11,11,11,11,15,16,10,10,10,10,10,10,10,10,10,10,10,10,10,10,10,10,10,16,15,11,11,11,11,11],[11,11,11,11,11,11,11,10,10,10,10,10,10,10,10,10,10,10,10,10,10,10,10,10,11,11,11,11,11,11,11],[11,11,11,11,11,11,11,10,10,10,10,10,10,10,10,10,10,10,10,10,10,10,10,10,11,11,11,11,11,11,11],[11,11,11,11,11,17,11,10,10,10,10,10,10,10,10,10,10,10,10,10,10,10,10,10,11,17,11,11,11,11,11],[11,11,11,11,11,11,11,10,10,10,10,10,10,10,10,10,10,10,10,10,10,10,10,10,11,11,11,11,11,11,11],[11,11,11,11,11,11,11,10,10,10,10,10,10,10,10,10,10,10,10,10,10,10,10,10,11,11,11,11,11,11,11],[11,11,11,11,11,10,10,10,10,10,10,10,10,10,10,10,10,10,10,10,10,10,10,10,10,10,11,11,11,11,11],[11,11,11,11,11,10,10,10,10,10,10,10,10,10,10,10,10,10,10,10,10,10,10,10,10,10,11,11,11,11,11],[11,11,11,11,11,10,10,10,10,10,10,10,10,10,10,10,10,10,10,10,10,10,10,10,10,10,11,11,11,11,11],[11,11,11,11,11,10,10,10,10,10,10,10,10,10,10,10,10,10,10,10,10,10,10,10,10,10,11,11,11,11,11],[11,11,11,11,11,10,10,10,10,10,10,10,10,13,14,14,14,13,10,10,10,10,10,10,10,10,11,11,11,11,11],[17,11,11,11,17,10,10,10,10,10,13,14,13,16,15,15,15,16,13,14,13,10,10,10,10,10,17,11,11,11,17],[11,11,11,11,11,13,14,13,14,13,12,15,12,11,11,11,11,11,12,15,12,13,14,13,14,13,11,11,11,11,11],[11,11,11,11,11,12,15,16,15,12,11,11,11,11,11,11,11,11,11,11,11,12,15,16,15,12,11,11,11,11,11],[11,11,11,11,11,11,11,11,11,11,11,11,11,11,11,11,11,11,11,11,11,11,11,11,11,11,11,11,11,11,11],[11,11,11,11,11,11,11,11,11,11,11,11,11,11,11,11,11,11,11,11,11,11,11,11,11,11,11,11,11,11,11],[11,11,11,11,11,11,11,11,11,11,11,11,17,11,11,11,11,11,17,11,11,11,11,11,11,11,11,11,11,11,11],[11,11,11,11,11,11,11,11,11,11,11,11,11,11,11,11,11,11,11,11,11,11,11,11,11,11,11,11,11,11,11],[11,11,11,11,11,11,11,11,11,11,11,11,11,11,11,11,11,11,11,11,11,11,11,11,11,11,11,11,11,11,11],[10,10,10,10,10,10,10,10,10,10,10,10,10,11,11,11,11,11,10,10,10,10,10,10,10,10,10,10,10,10,10]];
tileset = "dragonlair";
area = "DL_area3";
areaname = "Dragon\'s Lair";
ambience = null;
dungeon = "DragonLair";
A_sprites = [{name:"Save Crystal",model:"o_Crystal",x:13,y:3,walkspeed:-1,conv:"c_healingCrystal"},{name:"N",model:"BIGDOOR0",x:15,y:1,dest:["DL_area4",6,39]},{name:"S",model:"BIGDOOR0",x:15,y:35,dest:["DL_area2",7,2]}];
areaLoot = [];
foes = [["monster",null,null,null,"SOLO"],["monster","monster",null,null,"DUO"],["monster","monster","monster",null,"TRIO"]];
btlChance = 10;
levelrange = MONSTER_LEVELS.DRAGON_LAIR;
musicTrack = "MightyHeroes";
AreaSetup({clearmap:1,NoStorage:true});
