map = [[10,10,10,13,13,13,13,13,10,10,10],[10,10,110,12,12,12,12,12,17,10,10],[10,110,12,11,11,111,11,11,12,17,10],[16,12,11,111,11,11,11,111,11,12,14],[16,11,11,11,11,11,11,11,11,11,14],[16,11,111,11,11,11,11,11,111,11,14],[16,11,11,11,11,11,11,11,11,11,14],[10,19,11,11,11,11,11,11,11,18,10],[10,10,15,19,11,11,11,18,15,10,10],[10,10,10,10,19,11,18,10,10,10,10],[10,10,10,13,110,11,17,13,10,10,10],[10,10,16,12,12,11,12,12,14,10,10],[10,10,16,111,11,11,11,111,14,10,10],[10,10,16,11,11,11,11,11,14,10,10],[10,10,10,15,19,11,18,15,10,10,10],[10,10,10,13,110,11,17,13,10,10,10],[10,10,16,12,12,11,12,12,14,10,10],[10,10,16,111,11,11,11,111,14,10,10],[10,10,16,11,11,11,11,11,14,10,10],[10,10,10,15,19,11,18,15,10,10,10],[10,10,10,13,110,11,17,13,10,10,10],[10,10,16,12,12,11,12,12,14,10,10],[10,10,16,111,11,11,11,111,14,10,10],[10,10,16,11,11,11,11,11,14,10,10],[10,10,10,15,19,11,18,15,10,10,10],[10,10,10,13,110,11,17,13,10,10,10],[10,10,16,12,12,11,12,12,14,10,10],[10,10,16,111,11,11,11,111,14,10,10],[10,10,16,11,11,11,11,11,14,10,10],[10,10,10,15,15,117,15,15,10,10,10]];
tileset = "cave2_dream";
area = "dreamwood_cave";
areaname = "Cave";
ambience = null;
dungeon = "Lifewood";
A_sprites = [{name:"Turquoise Gate",model:"object",x:5,y:10,type:"switch_gate",colour:"turquoise"},{name:"Sapphire Gate",model:"object",x:5,y:15,type:"switch_gate",colour:"sapphire"},{name:"Moonstone Gate",model:"object",x:5,y:20,type:"switch_gate",colour:"moonstone"},{name:"Amethyst Gate",model:"object",x:5,y:25,type:"switch_gate",colour:"amethyst"},{name:"EXIT",model:"area_transition",x:5,y:29,dest:["lifewood2_d",4,1]}];
areaLoot = [{x:5,y:4,amount:12,item:"Dreamstone"}];
foes = [];
btlChance = 0;
minSteps = 5;
levelrange = MONSTER_LEVELS.LIFEWOOD;
musicTrack = "Dreamwood";
AreaSetup({DREAM:3342387,LOOT:3,clearmap:1});
EN_ADD("Places","Lifewood");
