map = [[10,10,10,10,10,10,10,10,10,30,110,31,10,10,10,10,10,10,10,10,10],[10,10,10,10,10,10,10,10,10,10,11,10,10,10,10,10,10,10,10,10,10],[10,313,314,315,10,10,10,10,10,10,11,10,10,10,10,10,10,35,36,37,10],[10,10,10,10,10,10,20,20,20,20,11,20,20,20,20,10,10,10,10,10,10],[10,10,10,20,20,20,11,11,11,11,11,11,11,11,11,20,20,20,10,10,10],[10,10,10,11,11,11,11,11,11,11,11,11,11,11,11,11,11,11,10,10,10],[10,10,10,11,120,120,120,120,120,120,120,120,120,120,120,120,120,11,10,10,10],[10,10,10,11,10,10,10,10,10,10,10,10,10,10,10,10,10,11,10,10,10],[10,10,10,11,10,10,10,10,10,35,36,37,10,10,10,10,10,11,10,10,10],[10,10,10,11,10,10,316,317,318,10,110,10,32,33,34,10,10,11,10,10,10],[310,311,312,11,10,10,10,10,10,10,11,10,10,10,10,10,10,11,313,314,315],[10,10,10,11,10,10,10,10,10,10,11,10,10,10,10,10,10,11,10,10,10],[10,10,10,11,10,10,20,20,20,20,11,20,20,20,20,10,10,11,10,10,10],[10,10,10,11,10,10,11,11,11,11,11,11,11,11,11,10,10,11,10,10,10],[110,10,10,11,110,110,11,11,11,11,110,11,11,11,11,110,110,11,10,10,110],[11,10,10,11,10,10,11,11,11,11,11,11,11,11,11,10,10,11,10,10,11],[11,10,10,11,10,10,120,120,120,120,11,120,120,120,120,10,10,11,10,10,11],[11,10,10,11,110,11,10,10,10,10,11,10,10,10,10,11,110,11,10,10,11],[11,10,10,120,10,11,10,10,10,10,11,10,10,10,10,11,10,120,10,10,11],[11,10,10,10,10,11,10,10,10,10,11,10,10,10,10,11,10,10,10,10,11],[11,32,33,34,10,11,10,20,20,20,11,20,20,20,10,11,10,35,36,37,11],[11,10,10,10,10,11,10,11,11,11,11,11,11,11,10,11,10,10,10,10,11],[11,11,11,11,11,11,10,120,120,11,11,11,120,120,10,11,11,11,11,11,11],[120,120,120,120,120,120,10,10,10,11,11,11,10,10,10,120,120,120,120,120,120],[10,10,10,10,10,10,10,10,10,120,110,120,10,10,10,10,10,10,10,10,10],[10,10,10,10,10,10,10,10,10,10,110,10,10,10,10,10,10,10,10,10,10],[10,10,10,10,10,10,10,10,10,122,123,124,10,10,10,10,10,10,10,10,10],[10,10,10,10,10,10,30,10,10,132,133,134,10,10,31,10,10,10,10,10,10],[10,10,10,10,10,10,10,10,10,142,143,144,10,10,10,10,10,10,10,10,10],[10,10,10,10,10,10,10,10,10,10,10,10,10,10,10,10,10,10,10,10,10]];
tileset = "dreamshrine";
area = "dreamshrine1";
areaname = "Dreamshrine";
ambience = null;
dungeon = "Dreamshrine";
ambience = null;
if(GameData.switches.Dreamshrine == null)
{
   GameData.switches.Dreamshrine = {turquoise:1};
}
A_sprites = [{name:"Save Crystal",model:"o_Crystal",x:10,y:14,walkspeed:-1,conv:"c_healingCrystal"},{name:"Portal",model:"o_portal",x:10,y:27,walkable:true},{name:"TRANSPORT_TRIGGER",model:"_trigger",x:10,y:27,triggers:-1,WALKON:true,ExecuteScript:function()
{
   _root.EnterDreamrealm();
   _root.WarpTrans(["dreamshrine_entrance",7,10]);
}},{name:"Portal",model:"o_portal",x:10,y:0,walkable:true},{name:"TRANSPORT_TRIGGER",model:"_trigger",x:10,y:0,triggers:-1,WALKON:true,ExecuteScript:function()
{
   _root.WarpTrans(["dreamshrine2",31,29]);
}}];
areaLoot = [{x:0,y:14,amount:1,item:"FigJuice"},{x:10,y:9,amount:1,item:"PhoenixDown"},{x:20,y:14,amount:1,item:"Aether Essence"}];
foes = MONSTER_TABLES.DREAMSHRINE;
btlChance = 3;
minSteps = 5;
levelrange = MONSTER_LEVELS.DREAMSHRINE;
musicTrack = "SecretDungeon";
AreaSetup({WARP:0,DREAM:true,LOOT:3});
EN_ADD("Places","Dreamshrine");
