map = [[10,10,10,10,10,10,10,10,10,16,141,113,113,113,113,139,14,10,10,10,10,10],[10,10,10,10,10,10,10,10,10,16,141,113,113,113,140,135,14,10,10,10,10,10],[10,10,10,10,10,10,10,10,10,16,141,113,113,139,18,15,10,10,10,10,10,10],[10,10,10,10,10,10,10,10,10,110,141,113,113,139,14,10,10,10,10,10,10,10],[10,10,10,10,10,10,10,10,16,152,113,113,113,139,14,10,10,10,10,10,10,10],[10,10,10,10,10,10,10,10,16,137,113,113,113,135,14,10,10,10,10,10,10,10],[10,10,10,10,10,10,10,10,16,141,113,113,139,18,10,10,10,10,10,10,10,10],[10,10,10,10,10,10,10,10,16,141,113,113,139,14,10,10,10,10,10,10,10,10],[10,10,10,10,10,10,10,10,16,141,113,113,139,17,10,10,10,10,10,10,10,10],[10,10,10,10,10,10,10,10,16,136,113,113,113,151,10,10,10,10,10,10,10,10],[10,10,10,10,10,10,10,10,10,19,141,113,113,138,17,10,10,10,10,10,10,10],[10,10,10,10,10,10,10,10,10,16,136,113,113,139,151,14,10,10,10,10,10,10],[10,10,10,10,10,10,10,10,10,10,19,141,113,113,138,14,10,10,10,10,10,10],[10,10,10,10,10,10,10,10,10,10,110,141,113,113,139,17,10,10,10,10,10,10],[10,10,10,10,10,10,10,10,10,110,152,141,113,113,139,151,17,10,10,10,10,10],[10,10,10,10,10,10,10,10,110,152,137,113,113,113,113,138,151,14,10,10,10,10],[10,10,10,10,10,10,10,110,152,137,113,113,113,113,113,113,138,14,10,10,10,10],[10,10,10,10,10,10,110,152,137,113,113,113,113,113,113,113,135,17,10,10,10,10],[10,10,10,10,10,110,152,137,113,113,113,113,113,113,113,139,11,151,14,10,10,10],[10,10,10,10,16,152,137,113,113,113,113,113,113,113,113,139,11,20,14,10,10,10],[10,10,10,10,110,137,113,113,113,113,113,113,113,113,113,139,11,11,14,10,10,10],[10,10,10,16,152,141,113,113,113,113,113,113,113,113,113,139,11,11,14,10,10,10],[10,10,10,16,137,113,113,113,113,113,113,113,113,113,113,139,11,11,14,10,10,10],[10,10,10,16,141,113,113,113,113,113,113,113,113,113,113,139,11,18,10,10,10,10],[10,10,10,110,141,113,113,113,113,113,113,113,113,113,113,139,11,14,10,10,10,10],[10,10,110,152,141,113,113,113,113,113,113,113,113,113,113,139,11,14,10,10,10,10],[10,16,152,137,113,113,113,113,113,113,113,113,113,113,113,135,11,14,10,10,10,10],[10,16,137,113,113,113,113,113,113,113,113,113,113,113,139,11,11,14,10,10,10,10],[10,16,136,140,113,113,113,113,113,113,113,113,113,113,135,11,11,14,10,10,10,10],[10,16,11,11,141,113,113,113,113,113,113,113,113,139,11,11,11,14,10,10,10,10],[10,16,20,11,141,113,113,113,113,113,113,113,113,139,11,11,18,10,10,10,10,10],[10,110,11,11,136,113,113,113,155,113,113,113,113,135,11,111,14,10,10,10,10,10],[16,115,11,11,11,136,113,113,155,113,113,113,135,11,11,18,10,10,10,10,10,10],[16,11,11,11,11,11,136,113,155,113,113,135,20,11,11,17,13,13,13,10,10,10],[10,15,19,11,11,11,11,136,155,140,135,11,11,11,11,151,116,12,12,17,13,10],[10,10,16,111,11,11,11,11,11,11,11,11,11,11,11,11,11,11,11,151,116,10],[10,10,10,19,11,11,11,11,11,11,11,11,11,11,18,15,15,19,11,11,11,14],[10,10,10,10,15,19,11,20,11,11,11,111,11,18,10,10,10,16,11,11,11,14],[10,10,10,10,10,10,15,15,15,15,15,15,15,10,10,10,10,16,11,11,111,14],[10,10,10,10,10,10,10,10,10,10,10,10,10,10,10,10,10,10,15,15,15,10]];
tileset = "cave4";
area = "gemmine6";
areaname = "Gem Mine";
ambience = null;
dungeon = "GemMine";
A_sprites = [{name:"Water",model:"examine",x:8,y:30,walkspeed:-1,conv:"c_lakeQur"},{name:"exit",model:"area_transition",x:1,y:32,dest:["gemmine4",18,7]}];
areaLoot = [{x:20,y:36,amount:1,item:"SilverRing"},{x:20,y:37,type:"gold",amount:732},{x:18,y:38,amount:1,item:"Bandit Leather"},{x:19,y:38,amount:1,item:"BetterPotion"}];
foes = MONSTER_TABLES.GEM_MINE;
btlChance = 3;
minSteps = 5;
levelrange = MONSTER_LEVELS.GEM_MINE;
musicTrack = "Dungeon2";
AreaSetup({WARP:1,clearmap:1});
