map = [[10,10,10,10,10,10,10,10,10,10,10,10,10,10,10,10,13,13,13,13,13,13,10,10,10,10],[10,10,10,10,10,10,10,10,10,10,10,10,10,10,10,16,12,12,12,116,12,12,14,10,10,10],[10,10,10,10,10,10,10,10,10,10,10,10,10,10,10,16,11,11,11,11,11,11,17,10,10,10],[10,10,10,10,10,10,10,10,10,10,10,10,10,10,10,10,15,15,15,15,19,11,151,14,10,10],[10,10,10,10,10,10,10,10,10,10,10,10,10,10,10,10,10,10,10,10,16,11,11,14,10,10],[10,10,10,10,10,10,10,13,13,13,13,13,13,13,13,10,10,10,10,10,10,19,11,14,10,10],[10,10,10,10,10,13,110,12,12,12,12,116,12,12,12,14,10,10,10,10,10,16,11,14,10,10],[10,10,10,10,16,12,152,11,11,11,11,11,11,11,11,14,10,10,10,10,10,16,11,14,10,10],[10,10,10,10,16,11,11,11,18,15,15,15,15,19,11,14,10,10,10,10,10,16,11,14,10,10],[10,10,10,10,16,11,18,15,10,10,10,10,10,10,15,10,10,10,10,10,10,16,11,14,10,10],[10,10,10,10,16,11,14,10,10,10,10,10,10,10,10,10,10,10,10,10,10,16,11,14,10,10],[10,10,10,10,16,11,14,10,10,10,10,10,10,10,10,10,10,10,10,10,10,16,11,14,10,10],[10,10,10,10,16,11,14,10,10,10,10,10,10,10,10,10,10,10,10,10,10,16,11,17,10,10],[10,10,10,10,16,11,17,10,10,10,10,10,10,10,10,10,10,10,10,10,10,16,11,151,14,10],[10,10,10,10,16,11,151,14,10,10,10,10,10,10,10,10,10,10,10,10,10,16,11,11,14,10],[10,10,10,10,16,11,11,17,13,13,13,13,13,13,10,10,10,10,10,10,10,10,19,11,14,10],[10,10,10,10,110,11,11,151,12,12,12,116,12,12,14,10,10,10,10,10,10,10,16,11,14,10],[10,10,10,16,152,11,11,20,11,11,111,11,111,11,14,10,10,10,10,10,10,10,16,11,14,10],[10,10,10,110,11,11,11,11,11,11,11,11,11,11,14,10,10,10,10,10,10,10,110,11,14,10],[10,10,16,116,11,11,11,11,11,11,11,11,11,11,17,13,10,10,10,10,10,16,116,11,14,10],[10,10,16,11,111,11,11,11,11,11,11,11,11,11,151,12,17,13,10,10,10,16,11,11,14,10],[10,10,16,11,11,11,158,156,21,156,156,11,11,11,11,11,116,12,17,10,10,16,11,18,10,10],[10,10,16,11,11,11,155,11,11,11,11,11,11,11,11,11,11,11,151,17,13,110,11,14,10,10],[10,10,16,11,11,11,155,11,11,11,111,11,18,19,11,11,11,11,11,151,12,152,11,14,10,10],[10,10,16,111,11,11,155,11,11,11,11,20,14,10,15,19,11,11,11,11,11,11,11,14,10,10],[10,10,16,11,158,156,160,11,11,11,18,15,10,10,10,16,11,11,11,18,15,15,15,10,10,10],[10,10,110,11,155,11,111,11,11,18,10,10,10,10,10,110,11,11,11,17,13,13,13,10,10,10],[10,16,152,11,155,11,11,11,18,10,10,10,10,10,110,152,112,112,112,151,12,12,12,14,10,10],[10,16,158,156,160,18,15,15,10,10,10,10,10,16,152,11,11,11,11,11,111,137,138,14,10,10],[10,16,155,18,15,10,10,10,10,10,10,10,10,16,11,11,11,11,11,11,137,113,135,14,10,10],[10,16,155,14,10,10,10,10,10,10,10,10,10,16,11,11,11,137,142,142,140,135,18,10,10,10],[10,16,155,14,10,10,10,10,10,10,10,10,10,16,11,111,11,136,140,135,18,15,10,10,10,10],[10,16,155,14,10,10,10,10,10,10,10,10,10,10,15,15,15,15,15,15,10,10,10,10,10,10]];
tileset = "cave4";
area = "gemmine7";
areaname = "Gem Mine";
ambience = null;
dungeon = "GemMine";
A_sprites = [{name:"Miner",model:"miner",x:8,y:20,walkspeed:-1,dir:"s",elem:"EARTH",conv:"c_mines"},{name:"Miner",model:"miner",x:14,y:8,walkspeed:-1,dir:"s",elem:"EARTH",conv:[["grin","I\'m mining!!"]]},{name:"Miner",model:"miner",x:16,y:2,walkspeed:-1,dir:"w",elem:"EARTH",conv:[["blah","Kid, imagine we\'re mining, origh\'? Wiv, uh... in-vis-a-bull pickaxes. Yeh."],["blah","Also, you walked all the way down this tunnel fer nuffin\'. There\'s nowt \'ere. Go away and do yer job. Save some farmers or summat."]]},{name:"Miner",model:"miner",x:8,y:17,walkspeed:-1,dir:"n",elem:"EARTH",conv:[["grin","Hey, you\'re the soldiers who saved us from those evil vile evil scum bandits who were scum! Thanks for that; apparently, despite all being stereotypically big and burly miner men with pickaxes, we couldn\'t defend ourselves against them! Thanks for helping!"]]},{name:"Miner",model:"miner",x:17,y:27,walkspeed:20,dir:"s",elem:"EARTH",conv:[["grin","I\'m wandering around aimlessly because I can\'t be bothered doing work right now!"],["grin","Also, I have a beard! Yaaay!"]]},{name:"Miner",model:"miner",x:13,y:19,walkspeed:-1,dir:"e",elem:"EARTH",conv:[["angr","I hope you killed that Bandit Chief! I hope you killed him dead! Because if you didn\'t, he\'ll turn into a recurring villain, you know! YOU KNOW?!?"]]},{name:"exit",model:"area_transition",x:2,y:32,dest:["gemmine",12,3],ARROW:"S"}];
areaLoot = [{x:3,y:20,amount:1,item:"Bronze Shield"},{x:14,y:31,type:"gold",amount:268}];
foes = [];
btlChance = 0;
minSteps = 5;
levelrange = [2,4];
musicTrack = "Dungeon2";
AreaSetup({WARP:1,clearmap:1});
