map = [[10,10,13,13,13,13,13,13,10,10,10,10,10,13,13,13,13,13,13,13,10,10],[10,16,12,12,12,12,12,12,17,13,13,13,110,12,12,116,12,12,116,12,14,10],[10,16,11,11,20,11,11,11,151,12,12,12,12,11,11,11,11,11,11,11,14,10],[10,16,11,11,11,11,111,11,11,111,11,11,11,11,18,15,15,15,19,11,14,10],[10,110,11,11,11,11,111,111,11,11,11,11,11,11,14,10,10,10,16,11,14,10],[16,152,11,11,18,15,15,15,15,15,15,15,15,15,10,10,10,10,16,11,14,10],[16,111,11,11,14,10,10,10,10,10,10,10,10,10,10,10,10,10,16,11,14,10],[16,11,11,11,14,10,10,10,10,10,10,10,10,13,13,10,10,10,10,15,10,10],[16,11,11,18,10,10,10,10,10,10,10,13,110,12,12,10,10,10,10,10,10,10],[16,11,11,14,10,10,10,10,10,10,16,12,152,11,111,14,10,10,10,10,10,10],[16,11,11,14,10,10,10,10,10,10,110,111,11,11,11,14,10,10,10,13,10,10],[16,11,11,14,10,10,10,10,10,16,152,11,11,11,11,14,10,10,110,12,14,10],[16,112,18,10,10,10,10,10,10,16,11,11,20,11,11,14,10,16,152,11,14,10],[16,112,14,10,10,10,10,10,10,16,11,11,11,11,11,14,10,16,11,11,14,10],[16,112,14,10,10,10,10,10,10,16,11,11,11,11,11,14,10,16,11,11,14,10],[16,112,14,10,10,10,10,10,10,16,11,11,18,15,15,10,10,110,11,11,14,10],[16,11,14,10,10,10,10,10,10,16,155,11,14,10,10,10,16,152,11,11,14,10],[16,11,14,10,10,10,10,10,10,16,155,11,14,10,10,10,16,11,11,11,14,10],[16,11,14,10,10,10,10,10,10,16,155,11,14,10,10,10,16,11,11,11,14,10],[16,11,14,10,10,10,10,10,10,16,155,11,14,10,10,10,16,11,11,11,14,10],[16,11,17,10,10,10,10,10,10,16,155,112,14,10,10,10,10,15,19,11,14,10],[16,11,151,14,10,10,10,10,10,16,155,112,14,10,10,10,10,10,110,11,14,10],[16,11,11,14,10,10,10,10,10,16,155,112,14,10,10,10,10,16,152,11,14,10],[16,11,11,17,10,10,10,10,10,16,155,11,14,10,10,10,10,16,11,11,14,10],[16,11,11,151,17,10,10,10,10,16,155,11,14,10,10,10,10,16,11,18,10,10],[10,19,11,11,151,17,10,10,10,16,155,11,14,10,10,10,10,110,112,14,10,10],[10,10,19,11,11,151,14,10,10,110,155,11,14,10,10,10,110,152,11,14,10,10],[10,10,10,19,11,11,17,13,110,152,155,11,17,13,13,110,152,11,11,14,10,10],[10,10,10,10,19,11,151,116,152,11,155,11,151,116,12,152,11,11,18,10,10,10],[10,10,10,10,16,11,11,11,11,11,155,11,11,111,11,11,11,18,10,10,10,10],[10,10,10,10,110,11,11,111,11,158,160,11,11,11,11,18,15,10,10,10,10,10],[10,10,10,16,152,11,11,158,156,160,11,11,111,11,18,10,10,10,10,10,10,10],[10,10,13,110,158,21,156,160,11,11,111,11,11,18,10,10,10,10,10,10,10,10],[10,16,12,152,155,11,11,11,11,18,15,15,15,10,10,10,10,10,10,10,10,10],[10,16,111,11,155,11,18,15,15,10,10,10,10,10,10,10,10,10,10,10,10,10],[10,16,11,11,155,18,10,10,10,10,10,10,10,10,10,10,10,10,10,10,10,10],[10,16,11,11,155,17,10,10,10,10,10,10,10,10,10,10,10,10,10,10,10,10],[10,16,11,11,155,151,14,10,10,10,10,10,10,10,10,10,10,10,10,10,10,10],[10,10,19,11,155,11,17,13,10,10,10,10,10,10,10,10,10,10,10,10,10,10],[10,10,16,11,155,11,151,12,17,10,10,10,10,10,10,10,10,10,10,10,10,10],[10,10,10,19,157,159,11,111,151,17,13,13,10,10,10,10,10,10,10,10,10,10],[10,10,10,10,19,157,156,159,11,151,12,12,17,13,10,10,10,10,10,10,10,10],[10,10,10,10,10,15,19,157,156,159,11,111,151,12,17,10,10,10,10,10,10,10],[10,10,10,10,10,10,10,15,19,157,156,156,159,11,151,17,13,10,10,10,10,10],[10,10,10,10,10,10,10,10,10,15,15,19,157,156,159,151,12,17,10,10,10,10],[10,10,10,10,10,10,10,10,10,10,10,10,19,11,155,11,11,151,14,10,10,10],[10,10,10,10,10,10,10,10,10,10,10,10,16,11,157,21,159,11,17,10,10,10],[10,10,10,10,10,10,10,10,10,10,10,10,10,19,11,11,155,11,151,17,10,10],[10,10,10,10,10,10,10,10,10,10,10,10,10,10,19,11,155,11,11,151,14,10],[10,10,10,10,10,10,10,10,10,10,10,10,10,10,16,111,157,156,159,11,14,10],[10,10,10,10,10,10,10,10,10,10,10,10,10,10,16,11,11,11,155,111,14,10],[10,10,10,10,10,10,10,10,10,10,10,10,10,10,10,19,11,11,155,11,14,10],[10,10,10,10,10,10,10,10,10,10,10,10,10,10,10,10,19,11,155,18,10,10],[10,10,10,10,10,10,10,10,10,10,10,10,10,10,10,10,10,19,155,14,10,10],[10,10,10,10,10,10,10,10,10,10,10,10,10,10,10,10,10,16,155,14,10,10],[10,10,10,10,10,10,10,10,10,10,10,10,10,10,10,10,10,16,155,14,10,10],[10,10,10,10,10,10,10,10,10,10,10,10,10,10,10,10,10,16,155,14,10,10],[10,10,10,10,10,10,10,10,10,10,10,10,10,10,10,10,10,16,155,14,10,10],[10,10,10,10,10,10,10,10,10,10,10,10,10,10,10,10,10,16,155,14,10,10],[10,10,10,10,10,10,10,10,10,10,10,10,10,10,10,10,10,10,15,10,10,10]];
tileset = "cave4";
area = "gemmine5";
areaname = "Gem Mine";
ambience = null;
dungeon = "GemMine";
A_sprites = [{name:"BOSSROOM",model:"area_transition",x:19,y:6,dest:["gemmine4",1,2],ARROW:"S"},{name:"S",model:"area_transition",x:18,y:58,dest:["gemmine",2,4],ARROW:"S"}];
areaLoot = [{x:13,y:9,type:"wepn",amount:1,item:"Iron Greatsword"},{x:12,y:10,type:"item",amount:1,item:"Leather Helm"},{x:14,y:14,type:"gold",amount:376},{x:19,y:12,type:"item",amount:3,item:"Coagulant"},{x:17,y:17,type:"gold",amount:412}];
foes = MONSTER_TABLES.GEM_MINE;
btlChance = 3;
minSteps = 5;
levelrange = MONSTER_LEVELS.GEM_MINE;
musicTrack = "Dungeon2";
AreaSetup({WARP:1});
