map = [[10,10,10,10,10,10,111,14,14,14,14,14,14,14,18,10,10,10,10,10,10,10],[10,10,10,10,111,14,115,13,13,13,13,13,13,13,112,14,14,14,18,10,10,10],[10,10,10,10,17,13,13,12,12,12,12,12,12,12,13,13,13,13,112,18,10,10],[10,10,10,10,17,12,116,11,11,11,123,120,11,11,117,12,12,12,13,15,10,10],[10,10,10,111,115,122,11,11,11,11,11,11,122,11,11,11,11,11,117,15,10,10],[10,10,10,17,118,11,11,113,16,16,16,16,16,114,11,123,11,11,120,15,10,10],[10,10,10,17,116,11,11,15,111,14,14,14,14,115,120,11,11,11,122,15,10,10],[10,10,10,17,11,11,120,15,17,13,13,13,13,118,11,11,122,11,11,15,10,10],[10,10,10,17,11,113,16,10,17,12,12,12,12,116,122,122,122,113,16,19,10,10],[10,10,10,110,16,19,10,10,17,122,122,122,11,11,122,122,113,19,10,10,10,10],[10,10,10,10,10,10,10,10,110,114,122,11,11,120,11,113,19,10,10,10,10,10],[10,10,10,10,10,10,10,10,10,17,11,11,11,11,11,15,10,10,10,10,10,10],[10,10,10,10,10,10,10,10,10,17,11,11,11,11,113,19,10,10,10,10,10,10],[10,10,10,10,10,10,10,10,10,17,122,11,11,11,15,10,10,10,10,10,10,10],[10,10,10,10,10,10,10,10,111,115,11,11,11,11,15,10,10,10,10,10,10,10],[10,10,10,10,10,10,10,10,17,118,11,11,11,11,15,10,10,10,10,10,10,10],[10,10,10,10,10,10,10,10,17,116,11,11,11,113,19,10,10,10,10,10,10,10],[10,10,10,10,10,10,10,10,17,120,11,11,11,15,10,10,10,10,10,10,10,10],[10,10,10,10,10,10,10,10,17,11,11,11,11,15,10,10,10,10,10,10,10,10],[10,10,10,10,10,10,10,10,17,11,11,11,11,112,18,10,10,10,10,10,10,10],[10,10,10,10,10,10,10,10,110,114,122,11,11,119,15,10,10,10,10,10,10,10],[10,10,10,10,10,10,10,10,10,17,11,11,11,117,112,18,10,10,10,10,10,10],[10,10,10,10,10,10,10,10,10,110,114,11,11,123,119,15,10,10,10,10,10,10],[10,10,10,10,10,10,10,10,10,10,17,11,11,11,117,15,10,10,10,10,10,10],[10,10,10,10,10,10,10,10,10,111,115,11,11,11,11,112,18,10,10,10,10,10],[10,10,10,10,10,10,10,10,111,115,118,11,11,11,11,119,112,18,10,10,10,10],[10,10,10,10,10,10,10,111,115,13,116,11,11,11,120,117,13,15,10,10,10,10],[10,10,10,10,10,10,111,115,13,116,11,11,11,11,11,11,117,15,10,10,10,10],[10,10,10,10,10,111,115,13,116,11,11,11,122,11,11,11,113,19,10,10,10,10],[10,10,10,10,111,115,13,116,11,11,11,11,11,11,11,11,15,10,10,10,10,10],[10,10,10,10,17,13,116,11,11,11,11,11,11,11,11,123,15,10,10,10,10,10],[10,10,10,111,115,116,11,11,11,11,11,122,122,11,11,11,15,10,10,10,10,10],[10,10,10,17,118,123,11,11,120,11,11,11,122,11,11,11,15,10,10,10,10,10],[10,10,10,17,116,11,11,11,11,11,11,11,11,11,11,11,15,10,10,10,10,10],[10,10,10,17,11,11,11,11,11,11,11,11,11,11,11,120,15,10,10,10,10,10],[10,10,111,115,11,120,11,11,11,11,11,11,11,11,11,11,15,10,10,10,10,10],[10,111,115,118,11,11,11,11,11,11,11,122,11,11,11,120,15,10,10,10,10,10],[10,17,13,116,11,11,11,11,122,11,11,11,11,11,11,113,19,10,10,10,10,10],[10,17,116,11,11,11,11,11,11,11,11,11,11,11,11,15,10,10,10,10,10,10],[10,110,16,114,11,11,11,11,11,11,123,11,11,11,113,19,10,10,10,10,10,10],[10,10,10,17,11,122,11,11,21,11,11,11,120,11,15,10,10,10,10,10,10,10],[10,10,10,17,11,11,11,11,20,11,11,11,11,11,15,10,10,10,10,10,10,10],[10,10,10,110,114,11,11,11,20,11,11,11,11,113,19,10,10,10,10,10,10,10],[10,10,10,10,110,114,11,11,20,11,11,11,113,19,10,10,10,10,10,10,10,10],[10,10,10,10,10,110,114,11,20,11,11,113,19,10,10,10,10,10,10,10,10,10],[10,10,10,10,10,10,110,16,16,16,16,19,10,10,10,10,10,10,10,10,10,10],[10,10,10,10,10,10,10,10,10,10,10,10,10,10,10,10,10,10,10,10,10,10],[10,10,10,10,10,10,10,10,10,10,10,10,10,10,10,10,10,10,10,10,10,10],[10,10,10,10,10,10,10,10,10,10,10,10,10,10,10,10,10,10,10,10,10,10],[10,10,10,10,10,10,10,10,10,10,10,10,10,10,10,10,10,10,10,10,10,10]];
tileset = "underwater";
area = "gemmine_underwater";
areaname = "Gem Mine - Underwater";
dungeon = "GemMine";
ambience = {ra:20,rb:0,ga:60,gb:0,ba:80,bb:0,aa:100,ab:0};
A_sprites = [{name:"Shaft of Light",model:"examine",x:8,y:40,walkspeed:-1,conv:"c_lakeQur"}];
areaLoot = [{x:4,y:8,amount:13,item:"Dreamstone"}];
foes = [["Killer Cod","Killer Cod","Killer Cod","Killer Cod","DEFAULT"]];
btlChance = 8;
minSteps = 5;
levelrange = [18,22];
musicTrack = "Dungeon3";
AreaSetup({WARP:0,LOOT:3});
