map = [[20,20,20,20,20,20,20,20,20,20,20,20,20,20,20,20,20,20,20,20,20,20,20,20,20,20,20,20,20,20,20,20,20,20,20,20,20,20,20,20],[20,20,20,20,10,117,10,10,10,10,10,189,15,15,20,10,10,10,10,10,10,10,10,10,10,10,10,10,10,10,10,20,20,20,20,20,20,15,15,20],[20,10,10,10,10,10,10,10,10,196,187,191,15,15,15,15,15,10,134,133,135,10,10,10,10,10,10,10,10,10,10,10,10,10,10,20,20,20,15,20],[20,10,117,10,10,10,10,10,196,191,10,10,10,15,15,15,10,10,132,117,140,133,133,133,133,133,133,133,133,133,133,133,133,135,10,20,20,15,15,20],[20,187,187,187,187,10,187,187,191,10,10,10,10,10,15,15,10,10,137,133,136,10,10,10,10,10,10,10,10,10,10,10,10,132,10,20,15,15,10,20],[20,15,15,10,10,10,10,10,10,10,10,10,10,10,10,10,10,10,10,10,10,10,10,10,10,10,10,10,10,10,10,10,10,132,10,15,15,10,10,20],[20,20,15,15,15,15,10,10,10,10,10,10,10,10,117,10,10,10,10,10,10,10,10,10,10,10,10,10,10,10,196,187,187,132,187,195,10,10,10,20],[20,20,15,15,15,15,15,20,20,20,10,10,10,10,10,10,10,10,10,10,10,196,187,187,187,187,187,187,187,187,191,10,10,132,10,190,195,10,10,20],[20,20,20,20,15,20,20,20,20,20,20,20,10,10,10,10,10,10,10,10,196,191,15,15,15,15,10,10,122,131,131,131,131,111,123,10,190,187,187,20],[20,20,20,20,20,20,20,20,20,20,20,20,187,187,187,187,187,187,187,187,191,15,15,10,10,10,122,131,124,10,10,134,133,136,125,131,131,131,131,20],[20,20,20,20,20,20,20,20,15,15,15,15,15,10,10,10,10,10,10,122,131,131,131,131,131,131,124,10,10,134,133,136,10,15,15,15,15,15,15,20],[133,133,133,133,133,133,133,133,133,133,133,133,133,133,133,133,133,133,133,110,133,133,141,133,133,133,133,133,133,136,10,15,15,15,15,193,192,192,192,20],[20,20,20,20,20,20,20,20,20,20,10,10,122,131,131,131,131,131,131,124,10,10,132,10,10,10,10,10,10,15,15,15,193,192,192,197,10,10,10,20],[20,20,20,20,20,20,20,20,20,20,10,10,130,15,15,15,15,15,10,10,10,10,132,10,193,192,192,192,192,192,192,192,197,10,10,10,10,10,10,20],[20,20,20,20,20,20,20,20,117,10,10,10,130,15,15,193,192,192,192,192,192,192,132,192,197,10,10,10,10,10,10,10,10,10,10,10,10,117,10,20],[20,20,10,10,10,10,10,10,10,10,10,10,130,15,15,188,10,10,10,10,10,10,132,10,10,10,10,10,10,10,10,10,10,10,10,10,10,10,10,20],[20,131,131,131,131,131,131,131,131,131,131,131,124,15,15,188,10,10,10,10,10,10,132,10,10,10,10,10,10,10,10,10,10,10,10,10,10,10,10,20],[20,192,192,192,192,192,192,192,192,192,192,192,194,15,15,188,10,10,10,10,10,10,132,10,10,10,10,10,10,10,20,10,10,117,10,10,10,10,10,20],[20,10,10,10,10,10,10,10,10,10,10,10,189,15,15,188,10,10,117,10,20,10,132,10,10,117,10,10,10,10,10,10,10,10,10,10,10,10,20,20],[20,10,10,10,10,10,10,10,10,20,10,10,198,192,194,188,10,10,10,10,10,10,132,10,10,10,10,10,10,10,10,10,10,10,10,10,10,20,20,20],[20,15,15,15,10,10,117,10,10,10,10,10,10,10,189,188,10,10,10,10,10,10,132,10,10,10,10,10,10,10,10,10,10,10,10,10,10,20,20,20],[20,15,15,117,15,15,10,10,10,134,133,133,133,133,110,110,133,133,133,133,133,133,136,10,10,10,10,10,10,10,10,10,10,10,10,10,20,20,20,20],[20,15,117,15,15,10,10,10,10,132,10,10,10,10,189,188,10,10,10,10,10,10,10,10,10,10,10,10,10,196,187,187,187,187,187,187,187,187,187,20],[20,15,15,15,10,10,10,10,10,132,10,10,10,10,189,188,10,10,10,10,10,10,10,10,10,196,187,187,187,191,15,15,15,15,15,20,20,20,20,20],[20,15,15,10,10,10,10,10,10,132,10,10,10,10,189,190,194,10,10,10,10,10,10,10,196,191,10,10,10,10,10,10,10,134,133,133,133,133,133,133],[20,20,10,10,10,10,10,10,10,132,10,10,10,196,191,15,190,194,10,10,10,10,10,196,191,10,10,10,10,10,10,134,133,136,117,20,20,20,20,20],[20,20,10,10,10,10,10,10,10,132,10,10,10,189,15,15,15,190,187,187,187,187,187,191,10,20,10,10,10,134,133,136,10,10,10,10,20,20,20,20],[20,20,187,187,187,187,187,187,187,132,187,187,187,191,15,15,10,10,10,15,15,10,15,15,10,10,10,10,134,136,10,10,10,15,15,15,15,15,15,20],[20,20,15,15,15,15,15,15,20,132,20,10,10,10,10,10,10,10,10,10,10,15,15,15,15,15,10,134,136,10,15,15,15,15,193,192,192,192,192,20],[20,20,15,15,15,15,15,15,10,137,133,133,133,133,133,133,133,133,133,133,133,133,133,133,133,133,133,136,10,15,15,193,192,192,197,10,10,10,10,20],[20,20,15,15,10,10,10,117,10,10,10,10,10,10,10,10,10,10,10,10,15,15,15,15,15,15,10,10,10,15,193,197,10,10,10,10,20,10,10,20],[20,20,20,20,10,10,10,10,10,10,10,10,10,10,10,10,10,10,10,10,10,15,15,15,15,10,10,10,193,192,197,10,10,10,10,10,10,10,10,20],[20,20,20,20,20,10,10,10,10,10,10,10,10,10,10,117,10,10,10,10,15,15,15,15,10,10,193,192,197,10,10,10,10,10,10,20,20,20,20,20],[20,20,20,20,20,20,20,20,20,20,10,10,10,10,10,10,10,10,15,15,15,15,15,10,10,10,188,10,10,10,10,10,10,20,20,20,20,20,20,20],[20,20,20,20,20,20,20,20,20,20,20,20,20,20,20,20,20,20,20,20,20,20,20,20,20,20,20,20,20,20,20,20,20,20,20,20,20,20,20,20]];
tileset = "rural";
area = "glens1";
areaname = "Eastern Glens";
ambience = GenericExternalAmbience();
dungeon = null;
A_sprites = [{name:"W",model:"area_transition",x:5,y:11,dest:["WORLDMAP",3,28],ARROW:"W"},{name:"E",model:"area_transition",x:35,y:24,dest:["glens2",8,26],ARROW:"E"}];
areaLoot = [{x:2,y:15,type:"item",amount:1,item:"Potion"},{x:1,y:3,type:"gold",amount:244},{x:37,y:1,type:"item",amount:1,item:"Leather Helm"},{x:3,y:29,type:"item",amount:2,item:"Antidote"},{x:36,y:14,type:"item",amount:1,item:"Bronze Breastplate"},{x:2,y:21,type:"item",amount:1,item:"Manaberry"}];
foes = MONSTER_TABLES.GLENS;
btlChance = 3;
minSteps = 5;
levelrange = MONSTER_LEVELS.GLENS;
musicTrack = !GameData.plotVars.SUNSET?"WorldMap":"crickets";
AreaSetup({WARP:1});
EN_ADD("Places","Eastern Glens");
