map = [[10,10,10,10,10,10,10,10,134,143,143,143,135,10,10,10,10,10,10,10],[10,10,10,10,10,10,10,10,133,150,12,150,142,10,10,10,10,10,10,10],[10,10,10,10,10,10,10,10,133,110,11,110,142,10,10,10,10,10,10,10],[10,10,10,10,10,10,10,10,133,110,11,110,142,10,10,10,10,10,10,10],[10,10,10,10,10,10,10,10,133,110,11,110,142,10,10,10,10,10,10,10],[10,10,10,10,10,10,10,10,133,110,11,110,142,10,10,10,10,10,10,10],[134,143,143,143,143,143,143,143,141,110,11,110,140,143,143,143,143,143,143,135],[133,150,12,153,150,150,12,153,150,110,11,110,150,150,150,12,153,150,150,142],[133,11,11,11,11,11,11,11,11,11,11,11,13,15,127,128,129,15,15,142],[133,11,11,11,11,11,11,11,11,11,11,11,13,15,137,138,139,15,15,142],[133,11,11,11,113,11,11,113,11,11,113,11,13,15,15,15,15,15,15,142],[133,11,130,132,132,132,132,132,132,132,132,132,132,132,132,132,132,132,132,145],[133,11,142,10,10,10,10,10,10,10,10,10,10,10,10,10,10,10,10,10],[133,11,142,10,10,10,10,10,10,10,10,10,10,10,10,10,10,133,17,142],[133,11,140,143,143,143,143,143,143,143,143,143,143,143,143,143,143,141,17,142],[133,11,150,154,155,12,153,150,150,150,12,153,150,150,150,12,153,150,17,142],[133,11,11,11,11,11,11,11,11,11,11,11,11,11,11,11,11,11,11,142],[133,11,11,11,11,11,11,11,11,11,11,11,11,11,11,11,11,11,11,142],[133,11,11,11,11,113,11,11,11,11,113,11,11,11,11,113,11,11,11,142],[144,132,132,132,132,132,132,132,132,132,132,132,132,132,132,132,132,132,132,145]];
tileset = "goldfish";
area = "goldfish_upper";
areaname = "????";
ambience = {ra:16,rb:0,ga:14,gb:0,ba:10,bb:0,aa:100,ab:0};
dungeon = "Carassius";
A_sprites = [{name:"OBSERVATION DECK",model:"DOOR6",x:10,y:1,dest:["goldfish_lookout",6,11]},{name:"Quarters",model:"DOOR6",x:15,y:15,lock:"tight",dest:["goldfish_q1",7,19]},{name:"Quarters",model:"DOOR6",x:10,y:15,lock:"tight",dest:["goldfish_q2",7,19]},{name:"Quarters",model:"DOOR6",x:5,y:15,lock:"tight",dest:["goldfish_q3",7,19]},{name:"Quarters",model:"DOOR6",x:2,y:7,lock:"tight",dest:["goldfish_q4",7,19]},{name:"Quarters",model:"DOOR6",x:6,y:7,lock:"tight",dest:["goldfish_q5",7,19]},{name:"Captain\'s Quarters",model:"DOOR6",x:15,y:7,lock:"tight",dest:["goldfish_capn",7,19]},{name:"EXIT",model:"area_transition",x:18,y:13,dir:"n",dest:["goldfish_ghall",13,20],ARROW:"N"}];
areaLoot = [];
foes = [];
btlChance = 0;
minSteps = 5;
levelrange = [1,1];
musicTrack = "FallenShip";
AreaSetup({clearmap:1});
