map = [[10,10,10,10,134,143,143,143,143,143,135,10,10,10,10,10,10,10,10,10],[10,10,10,10,133,146,146,146,146,146,142,10,10,10,10,10,10,10,10,10],[134,143,143,143,133,156,156,156,156,156,142,143,143,143,135,10,10,10,10,10],[133,153,154,155,162,110,112,112,112,110,162,154,155,153,140,143,143,143,135,10],[133,11,11,11,146,110,112,112,112,110,146,11,11,11,150,150,150,12,142,10],[133,11,11,11,153,110,110,110,110,110,156,11,11,11,11,11,11,11,142,10],[133,113,11,11,11,11,11,11,11,11,11,11,11,113,130,132,132,132,145,10],[133,113,11,11,11,113,11,113,11,113,11,11,11,113,142,10,10,10,10,10],[144,131,148,149,11,11,11,11,11,11,149,147,130,132,145,10,10,10,10,10],[10,144,132,132,132,132,132,132,132,132,132,132,145,10,10,10,10,10,10,10]];
tileset = "goldfish";
area = "goldfish_warp";
areaname = "????";
ambience = {ra:16,rb:0,ga:14,gb:0,ba:10,bb:0,aa:100,ab:0};
dungeon = "Carassius";
A_sprites = [{name:"EXIT",model:"DOOR6",x:17,y:4,dir:"s",dest:["goldfish_ghall",5,6]}];
areaLoot = [];
foes = [];
btlChance = 0;
minSteps = 5;
levelrange = [1,1];
musicTrack = "FallenShip";
AreaSetup({clearmap:1});
