map = [[10,10,10,10,10,10,134,143,143,143,135,10,10,10,10,10,10,10,10,10],[10,10,10,10,10,10,133,146,146,146,142,10,10,10,10,10,10,10,10,10],[10,10,10,10,10,10,133,156,153,156,142,10,10,10,10,10,10,10,10,10],[134,143,143,143,135,10,133,110,110,110,142,10,10,10,10,10,10,10,10,10],[133,146,146,146,142,134,141,20,23,110,140,143,143,143,143,143,143,169,143,135],[133,154,155,153,142,133,150,110,24,110,153,150,153,150,153,150,153,164,12,142],[133,113,113,113,142,133,20,110,110,110,23,20,23,20,23,20,23,164,17,142],[133,148,11,11,142,133,22,11,11,11,24,11,24,11,24,11,24,162,110,142],[133,148,21,11,142,133,22,11,11,11,11,11,11,11,11,11,11,150,17,142],[133,158,11,11,140,141,22,11,112,11,11,11,11,11,11,11,11,110,110,142],[133,11,11,11,146,146,11,11,11,11,11,11,11,11,11,11,11,110,110,142],[133,17,151,152,156,156,11,11,11,11,11,11,11,11,11,11,11,110,110,142],[133,110,110,110,110,110,110,110,130,132,132,132,132,132,132,132,132,132,132,145],[144,132,132,132,132,132,132,132,145,10,10,10,10,10,10,10,10,10,10,10],[10,10,10,10,10,10,10,10,10,10,10,10,10,10,10,10,10,10,10,10]];
tileset = "goldfish";
area = "goldfish_sick";
areaname = "????";
ambience = {ra:16,rb:0,ga:14,gb:0,ba:10,bb:0,aa:100,ab:0};
dungeon = "Carassius";
A_sprites = [{name:"Save Crystal",model:"o_Crystal",x:8,y:9,walkspeed:-1,conv:"c_healingCrystal"},{name:"EXIT",model:"DOOR6",x:18,y:5,dir:"s",dest:["goldfish_ghall",5,16]}];
areaLoot = [];
foes = [];
btlChance = 0;
minSteps = 5;
levelrange = [1,1];
musicTrack = "FallenShip";
AreaSetup({clearmap:1});
