map = [[10,134,143,143,143,143,143,143,143,143,143,143,143,135,10],[10,133,119,120,120,120,120,120,120,120,120,120,121,142,10],[10,133,123,123,123,123,123,123,123,123,123,123,123,142,10],[10,133,123,123,123,123,123,123,123,123,123,123,123,142,10],[10,133,118,116,11,13,127,128,129,14,11,117,122,142,10],[10,133,116,11,11,13,137,138,139,14,11,11,117,142,10],[134,141,151,152,17,151,152,16,151,152,17,151,152,140,135],[133,16,116,113,11,113,153,153,153,113,11,113,117,16,142],[133,153,11,11,11,11,149,11,149,11,11,11,11,153,142],[133,113,11,11,11,11,11,11,11,11,11,11,11,113,142],[133,148,149,11,11,147,148,11,147,148,11,11,149,147,142],[133,154,155,11,11,157,158,11,157,158,11,11,154,155,142],[133,149,11,11,11,11,11,11,11,11,11,11,11,149,142],[133,11,11,11,11,11,11,113,11,11,11,11,11,11,142],[144,132,132,131,110,11,11,11,11,11,110,130,132,132,145],[10,10,10,133,110,11,11,113,11,11,110,142,10,10,10],[10,10,10,144,132,131,11,11,11,130,132,145,10,10,10],[10,10,10,10,10,133,11,11,11,142,10,10,10,10,10],[10,10,10,10,10,144,131,113,130,145,10,10,10,10,10],[10,10,10,10,10,10,133,113,142,10,10,10,10,10,10],[10,10,10,10,10,10,133,113,142,10,10,10,10,10,10]];
tileset = "goldfish";
area = "goldfish_bridge";
areaname = "????";
ambience = {ra:16,rb:0,ga:14,gb:0,ba:10,bb:0,aa:100,ab:0};
dungeon = "Carassius";
A_sprites = [{name:"EXIT",model:"area_transition",x:7,y:20,dir:"s",dest:["goldfish_ghall",10,3],ARROW:"S"}];
areaLoot = [];
foes = [];
btlChance = 0;
minSteps = 5;
levelrange = [1,1];
musicTrack = "FallenShip";
AreaSetup({clearmap:1});
