map = [[10,10,10,10,10,10,10,10,10,10,10,10,10,10,10,10,10,10,10,10],[10,10,10,10,10,10,10,10,10,10,10,10,10,10,10,10,10,10,10,10],[10,10,134,143,143,143,143,143,143,143,135,10,10,10,10,10,10,10,10,10],[10,10,133,119,120,120,120,120,120,121,142,10,10,10,10,10,10,10,10,10],[10,10,133,125,123,123,123,123,123,124,142,143,143,143,143,143,143,135,10,10],[10,10,133,11,11,11,11,11,11,11,164,146,153,146,146,146,146,142,10,10],[10,10,133,22,20,21,11,22,20,21,162,156,156,156,156,156,156,142,10,10],[10,10,133,11,22,11,11,11,21,11,146,113,113,113,113,113,113,142,10,10],[10,10,133,11,13,15,15,15,14,11,156,136,136,136,136,136,136,142,10,10],[134,143,141,11,13,15,15,15,14,11,11,149,149,149,149,149,149,142,10,10],[133,12,150,11,13,127,128,129,14,11,11,11,11,11,11,11,11,142,10,10],[133,110,110,11,13,137,138,139,14,11,11,11,11,11,11,11,11,142,10,10],[144,132,131,11,13,15,15,15,14,11,11,11,11,11,11,11,11,142,10,10],[10,10,133,11,13,15,15,15,14,11,130,132,132,132,132,132,132,145,10,10],[10,10,133,11,11,11,11,11,11,11,140,143,143,143,143,143,143,135,10,10],[10,10,133,151,152,17,17,17,151,152,146,16,146,16,146,16,146,142,10,10],[10,10,133,110,110,11,11,11,110,110,156,126,156,126,156,126,156,142,10,10],[10,10,133,11,11,11,11,11,11,11,11,11,11,11,11,11,11,142,10,10],[10,10,133,22,20,21,11,11,22,20,21,11,11,22,20,21,11,142,10,10],[10,10,133,11,11,11,11,11,11,11,11,11,11,11,11,11,11,142,10,10],[10,10,133,11,11,11,11,11,11,11,11,11,11,11,11,11,11,142,10,10],[10,10,133,22,20,21,11,11,22,20,21,11,11,22,20,21,11,142,10,10],[10,10,133,11,11,11,11,11,11,11,11,11,11,11,11,11,11,142,10,10],[10,10,144,132,132,132,132,132,132,132,132,132,132,132,131,110,110,142,10,10],[10,10,10,10,10,10,10,10,10,10,10,10,10,10,144,132,132,145,10,10]];
tileset = "goldfish";
area = "goldfish_cafe";
areaname = "????";
ambience = {ra:16,rb:0,ga:14,gb:0,ba:10,bb:0,aa:100,ab:0};
dungeon = "Carassius";
A_sprites = [{name:"EXIT",model:"DOOR6",x:1,y:10,dir:"s",dest:["goldfish_ghall",15,11]}];
areaLoot = [];
foes = [];
btlChance = 0;
minSteps = 5;
levelrange = [1,1];
musicTrack = "FallenShip";
AreaSetup({clearmap:1});
