map = [[134,143,143,143,143,143,143,143,143,143,143,143,135],[133,119,120,120,120,120,120,120,120,120,120,121,142],[133,123,123,123,123,123,123,123,123,123,123,123,142],[133,125,123,123,123,123,123,123,123,123,123,124,142],[133,116,11,11,11,11,11,11,11,11,11,117,142],[133,11,22,20,21,11,11,11,22,20,21,11,142],[133,11,11,11,11,11,11,11,11,11,11,11,142],[133,11,11,11,11,13,15,14,11,11,11,11,142],[133,149,11,11,11,13,15,14,11,11,11,149,142],[144,132,131,110,110,13,15,14,110,110,130,132,145],[10,10,144,132,131,13,15,14,130,132,145,10,10],[10,10,10,10,144,131,17,130,145,10,10,10,10]];
tileset = "goldfish";
area = "goldfish_lookout";
areaname = "????";
ambience = {ra:16,rb:0,ga:14,gb:0,ba:10,bb:0,aa:100,ab:0};
dungeon = "Carassius";
A_sprites = [{name:"EXIT",model:"DOOR6",x:6,y:12,dir:"s",dest:["goldfish_upper",10,2]}];
areaLoot = [];
foes = [];
btlChance = 0;
minSteps = 5;
levelrange = [1,1];
musicTrack = "FallenShip";
AreaSetup({clearmap:1});
