map = [[10,10,10,10,10,10,134,143,135,10,10,10,10,10,10],[10,10,10,10,10,10,133,12,142,10,10,10,10,10,10],[10,10,10,10,10,10,133,17,142,10,10,10,10,10,10],[10,10,10,134,143,143,141,17,140,143,143,135,10,10,10],[10,134,143,141,19,12,16,17,16,12,19,140,143,135,10],[10,133,153,16,116,11,11,11,11,11,117,16,153,142,10],[10,133,110,11,11,13,15,15,15,14,11,11,110,142,10],[10,133,110,11,11,13,15,15,15,14,11,11,110,142,10],[10,133,110,11,11,13,127,128,129,14,11,11,110,142,10],[10,133,110,11,11,13,137,138,139,14,11,11,110,142,10],[10,133,110,11,11,13,15,15,15,14,11,11,110,142,10],[10,144,131,11,11,13,15,15,15,14,11,11,130,145,10],[10,10,133,11,11,13,15,15,15,14,11,11,142,10,10],[10,10,133,110,11,11,11,11,11,11,11,110,142,10,10],[10,10,133,110,110,110,11,11,11,110,110,110,142,10,10],[10,10,144,132,132,132,131,17,130,132,132,132,145,10,10],[10,10,10,10,10,10,133,17,142,10,10,10,10,10,10],[10,10,10,10,10,10,133,17,142,10,10,10,10,10,10],[10,10,10,10,10,10,10,10,10,10,10,10,10,10,10],[10,10,10,10,10,10,10,10,10,10,10,10,10,10,10]];
tileset = "goldfish";
area = "goldfish_exitbay";
areaname = "????";
ambience = {ra:16,rb:0,ga:14,gb:0,ba:10,bb:0,aa:100,ab:0};
dungeon = "Carassius";
A_sprites = [{name:"UP",model:"DOOR6",x:7,y:1,dest:["goldfish_ghall",7,20]},{name:"EXIT",model:"area_transition",x:7,y:17,dir:"s",dest:["Temple_Dark_1",22,3],ARROW:"S"}];
areaLoot = [];
foes = [];
btlChance = 0;
minSteps = 5;
levelrange = [1,1];
musicTrack = "FallenShip";
AreaSetup({clearmap:1});
