map = [[10,10,10,10,10,10,10,10,134,143,143,143,135,10,10,10,10,10,10,10],[10,10,10,10,10,10,10,134,141,16,16,16,140,135,10,10,10,10,10,10],[10,10,10,10,10,10,134,141,16,19,150,19,16,140,135,10,10,10,10,10],[10,10,10,10,134,143,141,146,19,110,17,110,19,146,142,10,10,10,10,10],[10,10,10,10,133,16,146,156,13,15,15,15,14,156,142,10,10,10,10,10],[10,10,10,10,133,12,156,110,13,15,15,15,14,110,142,10,10,10,10,10],[10,10,10,10,133,11,11,11,13,127,128,129,14,11,142,10,10,10,10,10],[10,10,10,10,144,132,131,11,13,137,138,139,14,11,142,10,10,10,10,10],[10,10,10,10,10,10,133,110,13,15,15,15,14,110,140,143,135,10,10,10],[134,143,143,143,143,143,141,110,13,15,15,15,14,110,146,16,142,10,10,10],[133,150,150,150,153,150,150,11,13,15,15,15,14,11,156,12,142,10,10,10],[133,113,113,113,113,113,113,11,13,15,15,15,14,11,11,11,142,10,10,10],[144,132,132,132,132,132,131,11,13,15,15,15,14,11,130,132,145,10,10,10],[10,10,10,10,134,143,141,11,13,15,15,15,14,11,142,10,10,10,10,10],[10,10,10,10,133,16,146,110,13,15,15,15,14,110,142,10,10,10,10,10],[10,10,10,10,133,12,156,11,13,15,15,15,14,11,142,10,10,10,10,10],[10,10,10,10,133,11,11,11,13,15,15,15,14,11,142,10,10,10,10,10],[10,10,10,10,144,132,131,11,11,113,113,113,11,11,142,10,10,10,10,10],[10,10,10,10,10,10,133,17,130,131,113,130,131,17,142,10,10,10,10,10],[10,10,10,10,10,10,133,17,142,133,113,142,133,17,142,10,10,10,10,10],[10,10,10,10,10,10,133,17,142,133,113,142,133,17,142,10,10,10,10,10],[10,10,10,10,10,10,133,17,142,133,113,142,133,17,142,10,10,10,10,10]];
tileset = "goldfish";
area = "goldfish_ghall";
areaname = "????";
ambience = {ra:16,rb:0,ga:14,gb:0,ba:10,bb:0,aa:100,ab:0};
dungeon = "Carassius";
A_sprites = [{name:"INTERJECTION",model:"_trigger",x:6,y:11,ExecuteScript:function()
{
   _root.Interjection("Mardek","ch3goldfish1","c_ch3_interject");
}},{name:"EXIT",model:"DOOR6",x:1,y:10,dir:"s",dest:["sandcave6",45,38]},{name:"BRIDGE",model:"DOOR6",x:10,y:2,dest:["goldfish_bridge",7,19]},{name:"CAFETERIA",model:"DOOR6",x:15,y:10,dir:"s",dest:["goldfish_cafe",1,11]},{name:"SICK BAY",model:"DOOR6",x:5,y:15,dir:"s",dest:["goldfish_sick",18,6]},{name:"WARP ROOM",model:"DOOR6",x:5,y:5,dir:"s",dest:["goldfish_warp",17,5]},{name:"Engineering",model:"DOOR6",x:10,y:22,lock:"tight",dest:["goldfish_engine",9,20]},{name:"STAIRS UP",model:"area_transition",x:13,y:21,dest:["goldfish_upper",18,14],ARROW:"S"},{name:"STAIRS DOWN",model:"area_transition",x:7,y:21,dest:["goldfish_exitbay",7,2],ARROW:"S"}];
areaLoot = [];
foes = [];
btlChance = 0;
minSteps = 5;
levelrange = [1,1];
musicTrack = "FallenShip";
AreaSetup({clearmap:1});
