map = [[20,20,20,20,20,20,20,20,20,20,20,20,20,20,20,20,20,20,20,20],[20,20,20,20,20,13,10,12,10,12,10,10,10,155,10,20,20,20,20,20],[20,20,20,20,13,10,153,153,153,153,153,25,153,153,10,13,20,20,20,20],[20,20,13,13,10,12,152,152,152,154,153,153,153,153,10,13,13,13,20,20],[20,13,13,12,12,155,154,152,152,152,152,154,154,154,10,10,12,13,10,20],[20,13,10,10,155,155,151,150,151,150,152,152,152,154,12,12,10,10,20,20],[20,13,10,10,10,10,10,10,10,155,154,152,152,152,10,10,10,10,13,20],[20,12,10,10,10,10,10,10,10,10,150,150,150,151,10,10,10,10,13,20],[20,115,116,10,10,10,10,10,10,10,10,13,13,13,10,10,10,12,13,20],[20,111,110,112,116,10,12,10,10,10,10,10,10,13,10,10,10,10,10,20],[20,118,114,110,113,13,10,10,10,10,10,12,10,10,10,10,10,10,20,20],[20,20,20,118,110,116,13,10,10,10,10,10,10,10,10,10,10,20,20,20],[20,20,20,20,118,117,13,13,13,13,10,10,10,10,10,10,20,20,20,20],[20,20,20,20,20,20,13,13,13,13,13,13,13,10,20,20,20,20,20,20],[20,20,20,20,20,20,20,20,13,13,13,13,13,20,20,20,20,20,20,20],[20,20,20,20,20,20,20,20,20,13,13,13,13,20,20,20,20,20,20,20],[20,20,20,20,20,20,20,20,20,13,20,20,20,20,20,20,20,20,20,20],[20,20,20,20,20,20,20,20,20,13,20,20,20,20,20,20,20,20,20,20],[20,20,20,20,20,20,20,20,20,13,20,20,20,20,20,20,20,20,20,20],[20,20,20,20,20,20,20,20,20,13,20,20,20,20,20,20,20,20,20,20]];
tileset = "darkwood";
area = "HouseInWoods";
areaname = "House in the Woods";
dungeon = "SaulsHouse";
ambience = GenericExternalAmbience({ra:80,rb:0,ga:100,gb:0,ba:70,bb:0,aa:100,ab:0});
A_sprites = [{name:"Save Crystal",model:"o_Crystal",x:12,y:9,walkspeed:-1,conv:"c_healingCrystal"},{name:"Door",model:"DOOR4",x:7,y:5,dest:["DeadHouse1",3,7]},{name:"S",model:"area_transition",x:9,y:17,dest:["WORLDMAP",1,1],ARROW:"S"}];
areaLoot = [];
foes = [["Zombie",null,null,null,"SOLO"]];
btlChance = 0;
minSteps = 5;
levelrange = [3,6];
musicTrack = "Saul";
AreaSetup({clearmap:1});
