map = [[10,10,10,10,10,10,10,10,10,10,10,10,10,10,14,10,10,10,10,10,10,10,10,10,10,10,10,10,10,10],[10,10,10,10,10,10,10,10,10,10,10,10,10,17,125,15,10,10,10,10,10,10,10,10,10,10,10,10,10,10],[10,10,10,10,10,10,10,10,10,10,10,10,10,17,127,15,10,10,10,10,10,10,10,10,10,10,10,10,10,10],[10,10,10,10,10,10,10,10,10,10,10,10,14,115,127,112,14,10,10,10,10,10,10,10,10,10,10,10,10,10],[10,10,10,10,10,10,10,10,10,10,10,115,13,118,127,119,13,112,10,10,10,10,10,10,10,10,10,10,10,10],[10,10,10,10,10,10,10,10,10,10,17,13,12,116,127,117,12,13,15,10,10,10,10,10,10,10,10,10,10,10],[10,10,10,10,10,10,10,10,10,10,17,12,30,127,127,127,30,12,15,10,10,10,10,14,14,14,14,10,10,10],[10,10,10,10,10,10,10,10,10,10,17,30,127,127,127,127,127,30,15,10,10,10,17,12,12,12,12,15,10,10],[10,10,10,10,10,10,10,10,10,10,17,127,127,127,127,127,127,127,15,10,10,10,115,121,122,11,11,15,10,10],[10,10,10,14,14,10,10,10,10,10,17,127,127,127,127,127,127,127,15,10,10,17,116,11,11,113,16,10,10,10],[10,10,17,12,12,15,10,10,10,10,17,11,11,11,11,11,122,11,15,10,10,17,123,11,113,10,10,10,10,10],[10,10,17,122,121,112,10,10,10,10,17,122,11,11,11,11,11,124,15,10,10,17,121,11,112,14,14,10,10,10],[10,10,17,11,11,117,112,14,14,14,14,114,121,11,11,11,122,113,10,10,10,17,11,11,117,12,12,15,10,10],[10,10,10,114,11,11,117,12,12,12,12,112,10,114,11,113,10,14,14,14,14,115,11,11,11,11,121,15,10,10],[10,10,10,10,114,121,11,11,11,11,11,117,112,115,11,112,115,12,12,12,12,116,11,113,16,114,11,15,10,10],[10,10,10,10,14,16,16,16,16,114,11,121,117,116,11,117,116,121,11,11,11,11,11,112,14,115,11,15,10,10],[10,10,10,17,12,112,14,14,14,115,11,11,11,11,11,11,11,11,113,114,11,11,11,117,12,116,11,112,10,10],[10,10,10,17,121,117,12,12,12,116,121,11,11,11,113,16,16,16,10,10,16,114,11,11,11,11,11,117,15,10],[10,10,10,17,11,11,11,11,11,11,11,11,11,11,112,10,10,10,10,10,10,10,114,11,113,114,11,121,15,10],[10,10,10,10,114,11,11,113,16,16,16,114,120,11,117,15,10,10,10,10,10,10,17,11,112,17,11,11,15,10],[10,10,10,10,115,11,113,10,10,10,10,10,114,11,121,112,14,14,14,10,10,10,17,11,117,15,114,11,15,10],[10,10,10,115,116,11,112,14,14,14,14,14,10,114,11,117,12,12,12,112,10,10,17,11,123,112,115,11,15,10],[10,10,17,116,11,11,117,12,12,12,12,12,112,115,121,121,121,11,123,117,112,14,115,11,11,117,116,11,112,10],[10,10,17,123,11,11,121,11,11,11,11,124,117,116,121,121,121,11,11,11,117,12,116,11,11,11,11,11,117,15],[10,10,17,11,11,11,11,113,16,114,11,11,11,121,121,121,121,113,114,11,11,11,11,11,11,113,114,11,121,15],[10,10,17,121,11,113,16,10,10,10,16,114,11,122,121,121,113,10,115,11,120,113,16,16,16,10,10,114,11,15],[10,10,17,11,11,112,10,10,10,10,10,10,114,11,122,122,15,17,116,11,113,10,10,10,10,10,10,17,11,15],[10,10,10,114,11,117,112,10,10,10,10,10,115,11,11,113,10,17,121,11,15,10,10,10,10,10,10,17,11,15],[10,10,14,115,121,11,117,112,14,14,14,115,116,11,11,112,10,17,122,11,15,10,10,10,10,10,10,17,11,15],[10,17,12,116,11,11,121,117,12,12,12,116,122,121,121,117,112,115,11,11,112,10,10,10,10,10,10,115,11,15],[10,17,11,11,11,11,11,11,11,11,121,121,122,122,121,11,117,116,11,11,117,112,14,14,14,14,115,116,11,15],[10,17,11,113,16,16,16,114,11,121,121,122,122,122,121,11,11,11,11,11,124,117,12,12,12,12,116,121,11,15],[10,115,11,15,10,10,10,17,11,11,11,121,121,122,122,121,11,11,11,11,11,11,11,11,11,11,11,11,11,15],[17,116,11,15,10,10,10,10,114,123,11,11,121,121,121,11,113,16,114,11,11,11,11,11,11,11,11,11,121,15],[17,121,11,15,10,10,10,10,10,114,123,123,11,11,11,113,10,10,10,16,16,114,122,121,120,11,123,113,16,10],[17,11,113,10,10,10,10,10,10,10,16,16,16,114,11,15,10,10,10,10,10,10,16,16,16,16,16,10,10,10],[10,16,10,10,10,10,10,10,10,10,10,10,10,17,11,15,10,10,10,10,10,10,10,10,10,10,10,10,10,10],[10,10,10,10,10,10,10,10,10,10,10,10,10,17,11,15,10,10,10,10,10,10,10,10,10,10,10,10,10,10],[10,10,10,10,10,10,10,10,10,10,10,10,10,17,11,15,10,10,10,10,10,10,10,10,10,10,10,10,10,10],[10,10,10,10,10,10,10,10,10,10,10,10,10,10,126,10,10,10,10,10,10,10,10,10,10,10,10,10,10,10]];
tileset = "underwater";
area = "lakequr_toTemple";
areaname = "Lake Qur - Tunnels to Temple";
dungeon = "LakeQur";
ambience = {ra:20,rb:0,ga:45,gb:0,ba:60,bb:0,aa:100,ab:0};
A_sprites = [{name:"N",model:"DOOR2",x:14,y:1,dir:"n",dest:["Temple_WATER_1",6,9]},{name:"S",model:"area_transition",x:14,y:39,dir:"s",dest:["lakequr_under",3,9]}];
areaLoot = [{x:1,y:35,amount:1,item:"PhoenixDown"},{x:3,y:11,amount:3,item:"Remedy"},{x:25,y:34,amount:1,item:"Ether"},{x:17,y:22,type:"gold",amount:756},{x:26,y:8,amount:1,item:"Purple Conch"}];
foes = MONSTER_TABLES.LAKE_QUR;
btlChance = 3;
minSteps = 5;
levelrange = MONSTER_LEVELS.WATER_TEMPLE;
musicTrack = "Dungeon3";
DeadTempleCheck();
AreaSetup({WARP:1});
