map = [[10,10,10,10,10,10,10,111,14,14,14,14,14,14,18,10,10,10,10,10,10,10,10],[10,10,10,10,10,10,10,17,12,12,12,12,12,12,15,10,10,10,10,10,10,10,10],[10,10,10,10,10,111,14,115,124,11,11,124,122,123,112,14,18,10,10,10,10,10,10],[10,10,10,10,10,17,12,116,124,121,122,11,11,11,117,12,112,18,10,10,10,10,10],[10,10,10,10,10,17,120,11,122,11,11,11,11,11,11,11,117,112,14,18,10,10,10],[10,10,10,10,111,115,124,11,11,11,113,16,16,16,114,11,11,117,12,112,18,10,10],[10,10,10,10,17,116,11,11,113,16,19,10,10,10,110,114,11,11,123,117,112,18,10],[10,10,10,10,17,11,11,113,19,10,10,10,10,10,10,110,114,11,11,11,117,15,10],[10,10,10,10,17,11,113,19,10,10,10,10,10,10,10,10,110,16,114,11,121,15,10],[10,10,10,111,115,11,15,10,10,10,10,10,10,10,10,10,10,111,115,11,122,15,10],[10,10,10,17,116,11,15,10,10,10,10,10,10,10,10,10,10,17,116,11,11,15,10],[10,10,10,17,11,11,15,10,10,10,10,10,10,10,10,10,111,115,11,121,11,15,10],[10,10,10,17,11,113,19,10,10,10,10,10,10,111,14,14,115,116,122,122,11,15,10],[10,10,111,115,122,15,10,10,10,10,10,10,10,17,12,12,116,11,11,120,113,19,10],[10,111,115,116,11,15,10,10,10,10,10,10,10,17,121,122,11,11,11,113,19,10,10],[111,115,116,122,121,15,10,10,10,10,10,10,10,17,122,113,16,16,16,19,10,10,10],[17,116,11,122,113,19,10,10,10,10,10,10,10,17,11,15,10,10,10,10,10,10,10],[17,122,11,113,19,10,10,10,10,10,10,10,10,17,11,112,14,18,10,10,10,10,10],[17,11,113,19,10,10,10,10,10,10,10,10,10,17,11,117,125,15,10,10,10,10,10],[17,11,15,10,10,10,10,10,10,10,10,10,10,17,11,11,11,15,10,10,10,10,10],[17,11,15,10,10,10,10,10,10,10,10,10,10,110,16,16,16,14,18,10,10,10,10],[17,11,15,10,10,10,10,10,10,10,10,10,10,10,10,10,17,125,15,10,10,10,10],[17,11,15,10,10,10,10,10,111,14,14,14,18,10,10,10,17,11,15,10,10,10,10],[17,121,15,10,10,10,10,10,17,12,12,12,15,10,10,111,115,122,112,18,10,10,10],[17,11,112,18,10,10,10,10,17,120,121,11,15,10,10,17,116,122,117,15,10,10,10],[17,11,117,15,10,10,10,10,17,11,123,11,15,10,10,17,11,122,122,15,10,10,10],[17,121,121,112,18,10,10,10,17,11,11,121,15,10,10,17,11,11,122,112,14,18,10],[110,114,121,117,112,18,10,10,110,114,11,113,19,10,10,17,121,11,11,117,12,15,10],[10,17,121,122,117,112,14,14,14,115,11,15,10,10,10,110,114,11,11,11,121,112,18],[10,110,114,122,121,117,12,12,12,116,11,15,10,10,10,10,110,16,114,11,11,117,15],[10,10,17,122,11,11,123,11,11,124,11,15,10,10,10,10,10,10,17,122,11,124,15],[10,111,115,120,11,11,11,11,11,11,11,15,10,10,10,10,10,10,17,11,11,11,15],[10,17,116,11,11,11,113,16,114,11,11,15,10,10,10,10,111,14,115,123,11,11,15],[10,17,11,11,113,16,19,10,110,114,11,15,10,10,10,10,17,12,116,11,121,11,15],[10,17,11,113,19,10,10,10,111,115,11,112,18,10,10,10,17,121,11,11,122,120,15],[10,17,11,15,10,10,111,14,115,116,11,117,15,10,10,10,17,11,113,16,16,16,19],[10,17,11,15,10,10,17,12,116,11,11,11,112,18,10,10,17,11,15,10,10,10,10],[10,17,11,15,10,10,17,121,122,11,121,11,117,15,10,10,17,11,15,10,10,10,10],[10,17,11,15,10,10,17,121,11,11,11,11,123,15,10,10,17,11,15,10,10,10,10],[111,115,11,15,10,10,110,114,11,11,11,11,11,15,10,10,17,11,15,10,10,10,10],[17,116,11,15,10,10,10,17,11,113,114,11,121,112,18,10,17,11,15,10,10,10,10],[17,11,11,15,10,10,111,115,11,15,17,11,11,117,15,10,115,11,15,10,10,10,10],[17,121,11,15,10,10,17,116,11,15,110,114,121,11,15,17,116,11,112,18,10,10,10],[17,11,11,15,111,14,115,121,11,15,10,17,11,11,112,115,11,11,117,15,10,10,10],[17,11,11,15,17,12,116,122,11,15,10,17,11,11,117,116,11,11,123,15,10,10,10],[17,11,121,15,17,121,121,121,122,15,10,17,11,122,11,11,11,121,120,15,10,10,10],[17,11,122,15,17,122,123,122,113,19,10,17,11,11,11,11,11,11,11,15,10,10,10],[17,122,11,15,17,121,122,122,15,10,111,115,120,11,122,11,121,122,113,19,10,10,10],[17,11,11,15,17,122,122,113,19,10,17,116,11,11,11,121,122,11,15,10,10,10,10],[17,11,121,15,17,122,120,15,10,14,115,11,11,11,122,122,122,122,15,10,10,10,10],[17,11,122,15,10,16,16,19,115,12,116,11,11,121,113,16,16,16,19,10,10,10,10],[17,11,11,15,10,10,10,17,116,123,122,121,11,122,15,10,10,10,10,10,10,10,10],[17,11,11,15,10,10,10,115,11,11,11,11,11,11,15,10,111,14,14,14,14,18,10],[17,121,11,112,18,10,115,116,11,113,16,114,11,11,112,18,17,12,12,12,12,15,10],[17,122,11,117,112,115,116,11,11,15,10,17,121,11,117,112,115,124,122,121,120,15,10],[17,11,11,123,117,116,11,11,113,19,10,110,114,11,11,117,116,11,122,11,122,15,10],[17,11,11,121,11,11,11,113,19,10,10,10,110,114,11,11,122,122,11,11,121,15,10],[17,11,122,122,113,16,16,19,10,10,10,10,10,110,16,114,11,121,11,11,122,15,10],[17,121,121,121,15,10,10,10,10,10,10,10,10,10,10,110,16,114,11,120,123,15,10],[110,16,16,16,19,10,10,10,10,10,10,10,10,10,10,10,10,110,16,16,16,19,10]];
tileset = "underwater";
area = "lakequr_cave2";
areaname = "Lake Qur - Lake Hag\'s Cave B2";
dungeon = "LakeQur";
ambience = {ra:20,rb:0,ga:45,gb:0,ba:60,bb:0,aa:100,ab:0};
A_sprites = [{name:"Save Crystal",model:"o_Crystal",x:10,y:2,walkspeed:-1,conv:"c_healingCrystal"},{name:"A",model:"area_transition",x:17,y:21,dir:"s",dest:["lakequr_cave",17,22]},{name:"B",model:"area_transition",x:16,y:18,dir:"s",dest:["lakequr_cave",16,19]}];
areaLoot = [{x:1,y:58,amount:1,item:"Null Locket+2"},{x:19,y:55,amount:1,item:"Manaberry"},{x:5,y:49,type:"gold",amount:456},{x:10,y:24,amount:1,item:"Potion"}];
foes = MONSTER_TABLES.LAKE_QUR;
btlChance = 3;
minSteps = 5;
levelrange = [4,6];
musicTrack = "Dungeon3";
AreaSetup({WARP:1});
