map = [[20,20,20,20,10,20,20,20,20,20,20,20,20,20,20,20,20,20,20,20],[20,20,20,20,10,20,20,20,20,20,20,20,20,20,20,20,20,20,20,20],[20,20,20,20,10,20,20,20,20,20,20,20,20,20,20,20,20,20,20,20],[20,20,20,20,10,20,20,20,20,20,20,115,112,112,116,20,20,20,20,20],[20,20,20,20,10,10,10,10,20,11,11,111,110,110,110,116,20,20,20,20],[20,20,20,20,20,10,20,10,10,10,10,111,110,114,114,117,12,20,20,20],[20,20,20,125,126,10,20,20,10,20,115,110,117,20,12,10,20,20,20,20],[20,20,20,121,127,20,20,20,115,112,110,117,10,10,10,10,10,20,20,20],[20,20,125,123,20,11,10,10,118,114,117,10,10,10,10,21,10,10,20,20],[20,20,128,127,20,10,20,12,125,126,20,20,10,10,12,10,12,10,20,20],[20,20,10,10,10,10,10,125,120,123,20,11,10,10,10,10,10,10,20,20],[20,20,20,20,10,20,125,120,120,120,126,10,10,10,10,10,10,10,20,20],[20,20,20,20,11,12,128,120,120,120,123,10,20,10,10,10,10,20,20,20],[20,20,20,20,20,10,11,128,120,120,127,10,10,11,20,20,20,20,20,20],[20,20,20,20,20,20,11,11,128,127,10,20,10,20,20,20,20,20,20,20],[20,20,20,20,20,20,20,20,20,20,20,20,20,20,20,20,20,20,20,20],[20,20,20,20,20,20,20,20,20,20,20,20,20,20,20,20,20,20,20,20],[20,20,20,20,20,20,20,20,20,20,20,20,20,20,20,20,20,20,20,20],[20,20,20,20,20,20,20,20,20,20,20,20,20,20,20,20,20,20,20,20],[20,20,20,20,20,20,20,20,20,20,20,20,20,20,20,20,20,20,20,20]];
tileset = "lifewood_dream";
area = "lifewood1_d";
areaname = "Dreamwood";
ambience = null;
dungeon = "Lifewood";
ambience = null;
A_sprites = [{name:"Moonstone Keystone",model:"object",x:8,y:12,type:"switch_orb",colour:"moonstone",base:"gold",conv_action:1},{name:"Save Crystal",model:"o_Crystal",x:8,y:6,walkspeed:-1,conv:"c_healingCrystal"},{name:"N",model:"area_transition",x:4,y:3,dest:["lifewood2_d",14,44],dir:"n",ARROW:"N"}];
areaLoot = [{x:2,y:10,amount:1,item:"Ether of Queens"},{x:15,y:9,amount:1,item:"Sapphire Bangle",monsters:[["Pixie"],null,30,"SOLO"]}];
foes = MONSTER_TABLES.DREAMWOOD;
btlChance = 0;
levelrange = MONSTER_LEVELS.LIFEWOOD;
musicTrack = "Dreamwood";
AreaSetup({WARP:0,DREAM:2,LOOT:3,SNOW:2,clearmap:1});
EN_ADD("Places","Dreamwood");
