map = [[153,153,153,153,153,153,153,153,153,153,153,153,153,153,153,153,153],[153,153,153,153,153,153,153,177,178,179,153,153,153,153,153,153,153],[164,164,153,153,153,153,153,187,188,189,153,153,153,153,153,164,164],[174,176,153,153,153,153,153,197,198,199,153,153,153,153,153,175,176],[184,184,164,164,164,164,164,161,162,163,164,164,164,164,164,185,184],[20,20,174,175,176,174,175,171,172,173,175,175,174,176,174,20,20],[20,20,186,185,184,184,185,181,182,183,185,185,184,186,184,20,20],[20,20,138,130,130,130,130,191,192,193,130,130,130,130,133,20,20],[20,20,10,131,130,130,130,130,130,130,130,130,130,130,137,20,20],[20,20,10,131,130,134,130,130,130,130,130,130,130,130,136,20,20],[20,20,10,138,137,10,131,130,130,130,130,130,130,130,133,20,20],[20,20,10,10,10,135,130,130,130,130,130,134,134,134,137,20,20],[20,20,20,20,10,138,130,130,130,134,137,10,10,20,20,20,20],[20,20,20,20,20,10,138,134,137,10,10,10,20,20,20,20,20],[20,20,20,20,20,10,10,10,10,10,10,20,20,20,20,20,20],[20,20,20,20,20,10,10,10,10,10,10,20,20,20,20,20,20],[20,20,20,20,20,20,20,10,10,10,20,20,20,20,20,20,20],[20,20,20,20,20,20,20,10,10,10,20,20,20,20,20,20,20],[20,20,20,20,20,20,20,20,10,20,20,20,20,20,20,20,20],[20,20,20,20,20,20,20,20,10,20,20,20,20,20,20,20,20],[20,20,20,20,20,20,20,20,10,20,20,20,20,20,20,20,20],[20,20,20,20,20,20,20,20,10,20,20,20,20,20,20,20,20]];
tileset = "lifewood";
area = "lifewood_monastery";
areaname = "Lifewood - Monastery";
ambience = null;
dungeon = "Lifewood";
ambience = GenericExternalAmbience({ra:90,rb:0,ga:100,gb:0,ba:70,bb:0,aa:100,ab:0});
A_sprites = [{name:"Fairy",model:"fairy",x:12,y:8,walkspeed:-1,dir:"s",elem:"EARTH",conv:"c_teleporter"},{name:"Save Crystal",model:"o_Crystal",x:5,y:10,walkspeed:-1,conv:"c_healingCrystal"},{name:"Sealed Door",model:"BIGDOOR3",x:8,y:6,dest:["lostmonastery1",14,37],conv:(int(GameData.plotVars.VEHRNCH3) >= 3?null:"c_lostmonastery"),keepTalking:int(GameData.plotVars.VEHRNCH3) < 3},{name:"S",model:"area_transition",x:8,y:21,dest:["lifewood_path",36,1],ARROW:"S"}];
areaLoot = [];
foes = [];
btlChance = 0;
minSteps = 5;
levelrange = [1,1];
musicTrack = "Lifewood";
AreaSetup({WARP:1,SNOW:1,clearmap:1});
EN_ADD("Places","Lifewood");
