if(int(GameData.plotVars.VEHRNCH3) >= 2)
{
   map = [[20,20,20,20,20,20,119,20,20,20,20,20,20,20,20,20,20,20,20,20,20,20,20,20,20,20,20,20,20,20],[20,20,20,20,144,20,119,20,20,20,20,20,20,20,20,20,20,20,20,20,20,20,20,20,20,20,20,20,20,20],[20,144,143,143,154,11,119,10,12,12,20,20,20,20,20,20,20,20,20,20,20,20,20,20,20,20,20,20,20,20],[143,154,11,10,10,10,119,10,10,20,12,20,20,20,20,20,20,20,20,20,20,20,20,20,20,20,20,20,20,20],[20,10,10,144,143,143,18,143,143,145,144,20,158,158,158,158,158,20,20,20,20,20,20,20,20,20,20,20,20,20],[20,20,20,154,115,112,110,112,116,155,154,11,159,159,159,159,159,20,20,20,20,20,20,20,20,20,20,20,20,20],[20,20,20,115,110,110,110,110,110,116,11,10,156,157,156,157,156,12,20,20,20,20,20,20,20,20,20,20,20,20],[20,20,20,118,110,110,110,110,110,117,10,10,125,120,166,120,126,10,20,20,20,20,20,20,20,125,141,141,141,141],[20,20,20,20,118,114,114,114,117,11,10,10,121,120,120,120,123,10,12,20,20,20,20,20,20,142,20,20,20,20],[20,20,20,20,20,20,11,11,10,10,10,125,120,120,120,120,127,10,10,20,20,20,20,20,125,127,20,20,20,20],[20,20,20,20,20,20,20,20,10,125,122,120,120,120,120,120,126,10,10,20,20,20,20,20,142,20,20,20,20,20],[20,20,20,20,20,20,20,11,10,121,120,120,120,124,127,128,124,141,126,10,10,20,20,20,142,20,20,20,20,20],[20,20,20,20,20,20,10,10,10,128,120,124,127,12,10,10,10,10,142,10,11,10,10,10,142,20,20,20,20,20],[20,20,20,20,20,20,10,10,10,12,142,10,10,14,14,20,10,10,128,141,141,141,141,141,127,20,20,20,20,20],[20,20,20,20,20,20,20,10,10,10,142,10,14,14,14,20,20,10,10,10,10,10,10,10,11,20,20,20,20,20],[20,20,20,20,20,20,10,20,10,10,142,10,14,20,14,20,20,20,10,20,10,11,10,10,10,20,20,20,20,20],[20,20,20,20,20,10,10,125,141,141,127,14,14,14,14,20,20,20,10,10,10,10,11,10,20,20,20,20,20,20],[141,141,141,141,141,141,141,127,14,14,14,14,14,14,14,20,20,20,20,20,20,20,20,20,20,20,20,20,20,20],[20,20,20,20,20,20,20,20,14,14,14,14,14,14,20,20,20,20,20,20,20,20,20,20,20,20,20,20,20,20],[20,20,20,20,20,20,20,20,20,20,20,20,20,20,20,20,20,20,20,20,20,20,20,20,20,20,20,20,20,20]];
}
else
{
   map = [[20,20,20,20,20,20,119,20,20,20,20,20,20,20,20,20,20,20,20,20,20,20,20,20,20,20,20,20,20,20],[20,20,20,20,144,20,119,20,20,20,20,20,20,20,20,20,20,20,20,20,20,20,20,20,20,20,20,20,20,20],[20,144,143,143,154,11,119,10,12,12,20,20,20,20,20,20,20,20,20,20,20,20,20,20,20,20,20,20,20,20],[143,154,11,10,10,10,119,10,10,20,12,20,20,20,20,20,20,20,20,20,20,20,20,20,20,20,20,20,20,20],[20,10,10,144,143,143,18,143,143,145,144,20,158,158,158,158,158,20,20,20,20,20,20,20,20,20,20,20,20,20],[20,20,20,154,115,112,110,112,116,155,154,11,159,159,159,159,159,20,20,20,20,20,20,20,20,20,20,20,20,20],[20,20,20,115,110,110,110,110,110,116,11,10,156,157,156,157,156,12,20,20,20,20,20,20,20,20,20,20,20,20],[20,20,20,118,110,110,110,110,110,117,10,10,125,120,166,120,126,10,20,20,20,20,20,20,20,20,20,20,20,20],[20,20,20,20,118,114,114,114,117,11,10,10,121,120,120,120,123,10,12,20,20,20,20,20,20,20,20,20,20,20],[20,20,20,20,20,20,11,11,10,10,10,125,120,120,120,120,127,10,10,20,20,20,20,20,20,20,20,20,20,20],[20,20,20,20,20,20,20,20,10,125,122,120,120,120,120,127,10,10,20,20,20,20,20,20,20,20,20,20,20,20],[20,20,20,20,20,20,20,11,10,121,120,120,120,124,127,10,10,10,20,20,20,20,20,20,20,20,20,20,20,20],[20,20,20,20,20,20,10,10,10,128,120,124,127,12,10,10,20,20,20,20,20,20,20,20,20,20,20,20,20,20],[20,20,20,20,20,20,10,10,10,12,142,10,10,14,14,20,20,20,20,20,20,20,20,20,20,20,20,20,20,20],[20,20,20,20,20,20,20,10,10,10,142,10,14,14,14,20,20,20,20,20,20,20,20,20,20,20,20,20,20,20],[20,20,20,20,20,20,10,20,10,10,142,10,14,20,14,20,20,20,20,20,20,20,20,20,20,20,20,20,20,20],[20,20,20,20,20,10,10,125,141,141,127,14,14,14,14,20,20,20,20,20,20,20,20,20,20,20,20,20,20,20],[141,141,141,141,141,141,141,127,14,14,14,14,14,14,14,20,20,20,20,20,20,20,20,20,20,20,20,20,20,20],[20,20,20,20,20,20,20,20,14,14,14,14,14,14,20,20,20,20,20,20,20,20,20,20,20,20,20,20,20,20],[20,20,20,20,20,20,20,20,20,20,20,20,20,20,20,20,20,20,20,20,20,20,20,20,20,20,20,20,20,20]];
}
tileset = "lifewood_dream";
area = "lifewoodE_d";
areaname = "Dreamwood - Shaman\'s Grove";
ambience = null;
dungeon = "Lifewood";
ambience = null;
A_sprites = [{name:"HIDDEN",model:"area_transition",x:29,y:7,dest:["lifewood_path_d",1,16],ARROW:"E"},{name:"W",model:"area_transition",x:3,y:17,dest:["lifewood3_d",19,11],ARROW:"W"}];
areaLoot = [];
foes = MONSTER_TABLES.DREAMWOOD;
btlChance = 3;
minSteps = 5;
levelrange = MONSTER_LEVELS.LIFEWOOD;
musicTrack = "Dreamwood";
AreaSetup({WARP:0,DREAM:2,LOOT:3,SNOW:2,clearmap:1});
EN_ADD("Places","Dreamwood");
