map = [[20,20,20,20,20,20,20,20,20,20,20,20,20,20,20,20,20,20,20,20,20,20,20,20,20,20,20,20,20,20,20,20,20,20,20,20,10,20,20,20],[20,20,20,20,20,20,20,20,20,20,20,20,20,20,20,20,20,20,20,20,20,20,20,20,20,20,20,20,20,20,20,20,20,20,20,20,10,20,20,20],[20,20,20,20,20,20,20,20,20,20,20,20,20,20,20,20,20,20,20,20,10,10,10,12,10,20,20,20,20,20,20,20,20,20,20,20,10,20,20,20],[20,20,20,20,20,20,20,20,20,20,20,20,20,20,20,20,20,20,20,10,21,10,140,10,22,12,20,20,20,20,20,20,20,20,20,20,10,20,20,20],[20,20,20,20,20,20,20,20,20,20,20,20,20,20,20,20,20,20,20,10,10,10,10,10,10,10,20,20,20,20,20,20,20,20,20,20,10,20,20,20],[20,20,20,20,20,20,20,20,20,20,20,20,20,20,20,20,20,20,20,20,10,10,10,10,12,20,20,20,20,20,20,20,20,20,20,12,10,20,20,20],[20,20,20,20,20,20,20,20,20,20,20,20,20,20,20,20,20,20,20,20,20,10,10,10,10,20,20,20,20,20,20,20,20,20,20,10,10,20,20,20],[20,20,20,20,20,20,20,20,20,20,20,20,20,20,20,20,20,20,20,20,14,14,20,20,20,20,20,20,20,20,20,20,20,20,20,125,126,20,20,20],[20,20,20,20,20,20,20,20,20,20,20,20,20,20,20,20,20,20,20,14,14,14,20,20,20,20,20,20,14,14,20,20,20,20,20,121,123,20,20,20],[20,20,20,20,20,20,20,20,20,20,20,20,20,20,20,20,20,20,20,14,20,20,20,20,20,20,14,14,14,10,11,20,20,20,20,20,121,122,126,20],[20,20,20,20,20,20,20,20,20,20,20,20,20,20,20,20,20,20,20,14,20,20,20,14,14,14,14,10,10,10,10,10,20,20,20,125,120,120,127,20],[20,20,20,20,20,20,20,20,20,20,20,20,20,20,20,20,20,20,20,14,14,20,20,14,14,14,20,10,10,20,10,10,10,10,125,120,120,127,11,20],[20,20,20,20,20,20,20,20,20,20,20,20,20,20,20,20,20,20,20,20,14,14,20,14,14,20,20,20,10,10,10,10,10,125,120,120,123,10,10,20],[20,20,20,20,20,20,20,20,20,20,20,20,20,20,20,20,20,20,20,20,20,14,14,14,20,20,20,20,20,20,20,20,10,121,120,124,127,10,10,20],[20,20,20,20,20,20,20,20,20,20,20,20,20,20,20,20,20,20,20,20,20,20,20,20,20,20,20,20,20,20,20,20,14,128,127,11,14,14,20,20],[20,20,20,20,20,20,20,20,20,20,20,20,20,20,20,20,20,20,20,20,20,20,20,20,20,20,20,20,20,20,20,20,14,14,20,14,14,14,20,20],[20,20,20,20,20,20,20,20,20,20,20,20,20,20,20,20,20,20,20,20,20,20,20,20,20,20,20,20,20,20,20,20,20,14,14,14,14,11,20,20],[20,20,20,20,20,20,20,20,20,20,20,20,20,20,20,20,20,20,20,20,20,20,20,20,20,20,20,20,20,20,20,20,20,20,20,20,20,20,20,20],[20,20,20,20,20,20,20,20,20,20,20,20,20,20,20,20,20,20,20,20,20,20,20,20,20,20,20,20,20,20,20,20,20,20,20,20,20,20,20,20],[20,20,20,20,20,20,20,20,20,20,20,20,20,20,20,20,20,20,20,20,20,20,20,20,20,20,20,20,20,20,20,20,20,20,20,20,20,20,20,20]];
tileset = "lifewood";
area = "lifewood_path";
areaname = "Lifewood - Snaking Glade";
ambience = null;
dungeon = "Lifewood";
ambience = GenericExternalAmbience({ra:90,rb:0,ga:100,gb:0,ba:70,bb:0,aa:100,ab:0});
A_sprites = [{name:"TRANSPORT_TRIGGER",model:"_trigger",x:22,y:3,triggers:-1,WALKON:true,ExecuteScript:function()
{
   if(!CanEnterDreamrealm())
   {
      return undefined;
   }
   _root.EnterDreamrealm();
   _root.WarpTrans(["lifewood_path_d",22,3]);
}},{name:"Dream Circle",model:"object",type:"examine",x:22,y:3,walkable:true,conv:[["","It\'s a Dream Circle."]]},{name:"NE",model:"area_transition",x:36,y:0,dest:["lifewood_monastery",8,20],ARROW:"N"}];
areaLoot = [];
foes = MONSTER_TABLES.LIFEWOOD;
btlChance = 3;
minSteps = 5;
levelrange = MONSTER_LEVELS.LIFEWOOD;
musicTrack = "Lifewood";
AreaSetup({WARP:1,SNOW:1,clearmap:1});
EN_ADD("Places","Lifewood");
