map = [[20,20,20,20,20,20,20,20,20,20,20,142,20,20,20,20,20,20,20,20,20,20,20],[20,20,20,20,20,20,20,20,20,20,20,142,20,20,20,20,20,20,20,20,20,20,20],[20,20,20,20,20,20,20,20,20,20,20,142,20,20,20,20,20,20,20,20,20,20,20],[20,20,20,20,20,20,20,20,20,20,20,142,20,20,20,20,20,20,20,20,20,20,20],[20,20,20,20,20,20,20,20,20,20,14,142,14,20,20,20,20,20,20,20,20,20,20],[141,126,20,20,20,20,20,20,20,14,14,128,126,14,20,20,20,20,20,20,20,20,20],[20,128,126,20,20,20,20,14,14,14,11,10,142,14,14,14,20,20,20,20,20,20,20],[20,20,142,20,20,20,14,14,14,10,12,21,142,11,10,14,14,20,20,20,20,20,20],[20,20,142,20,20,20,14,14,22,125,122,122,120,126,23,12,14,14,20,20,20,20,20],[20,20,142,20,20,20,14,11,125,120,120,120,120,120,126,11,14,14,20,20,20,20,20],[20,20,142,20,20,14,14,10,121,120,120,124,120,120,123,10,10,11,14,20,20,20,20],[20,20,128,126,11,10,12,23,121,120,123,140,121,120,123,22,10,125,141,141,141,141,141],[20,20,14,128,141,141,141,141,120,120,120,122,120,120,120,141,141,127,14,20,20,20,20],[20,20,20,14,14,10,12,11,128,120,120,120,120,120,127,12,14,14,20,20,20,20,20],[20,20,20,20,14,14,14,10,22,128,120,124,124,127,23,11,14,20,20,20,20,20,20],[20,20,20,20,20,14,14,14,11,10,142,21,11,10,12,14,14,20,20,20,20,20,20],[20,20,20,20,20,20,14,14,14,14,128,126,12,14,14,14,20,20,20,20,20,20,20],[20,20,20,20,20,20,20,14,14,14,14,142,14,14,14,20,20,20,20,20,20,20,20],[20,20,20,20,20,20,20,20,20,14,14,142,14,14,20,20,20,20,20,20,20,20,20],[20,20,20,20,20,20,20,20,20,20,20,142,20,20,20,20,20,20,20,20,20,20,20],[20,20,20,20,20,20,20,20,20,20,20,142,20,20,20,20,20,20,20,20,20,20,20],[20,20,20,20,20,20,20,20,20,20,20,142,20,20,20,20,20,20,20,20,20,20,20],[20,20,20,20,20,20,20,20,20,20,20,142,20,20,20,20,20,20,20,20,20,20,20]];
tileset = "lifewood";
area = "lifewood3";
areaname = "Lifewood - Woodhearthenge";
ambience = null;
dungeon = "Lifewood";
ambience = GenericExternalAmbience({ra:90,rb:0,ga:100,gb:0,ba:70,bb:0,aa:100,ab:0});
A_sprites = [{name:"TRANSPORT_TRIGGER",model:"_trigger",x:11,y:11,triggers:-1,WALKON:true,ExecuteScript:function()
{
   if(!CanEnterDreamrealm())
   {
      return undefined;
   }
   _root.EnterDreamrealm();
   _root.WarpTrans(["lifewood3_d",11,11]);
}},{name:"Dream Circle",model:"object",type:"examine",x:11,y:11,walkable:true,conv:[["","It\'s a Dream Circle."]]},{name:"Save Crystal",model:"o_Crystal",x:9,y:15,walkspeed:-1,conv:"c_healingCrystal"},{name:"N",model:"area_transition",x:11,y:2,dest:["lifewoodN",20,56],ARROW:"N"},{name:"E",model:"area_transition",x:20,y:11,dest:["lifewoodE",4,17],ARROW:"E"},{name:"S",model:"area_transition",x:11,y:20,dest:["lifewood2",15,4],ARROW:"S"},{name:"W",model:"area_transition",x:2,y:9,dest:["lifewoodW",33,17],dir:"w",ARROW:"N"}];
areaLoot = [];
foes = MONSTER_TABLES.LIFEWOOD;
btlChance = 3;
minSteps = 5;
levelrange = MONSTER_LEVELS.LIFEWOOD;
musicTrack = "Lifewood";
AreaSetup({WARP:1,SNOW:1,clearmap:1});
EN_ADD("Places","Lifewood");
