map = [[20,20,20,20,20,20,20,20,20,20,20,20,20,20,20,20,20,20,20,20,20,20,20,20,20,20,20,20,20,20,20,20,20,20,20,20,20,20,20,20],[20,20,20,20,20,20,20,20,20,20,20,20,20,20,20,20,20,20,20,20,20,20,20,20,20,20,20,20,20,20,20,20,20,20,20,20,20,20,20,20],[20,20,20,20,20,20,20,20,20,20,20,20,20,20,20,20,20,20,20,20,10,10,10,12,10,20,20,20,20,20,20,20,20,20,20,20,20,20,20,20],[20,20,20,20,20,20,20,20,20,20,20,20,20,20,20,20,20,20,20,10,21,10,140,10,22,12,20,20,20,20,20,20,20,20,20,20,20,20,20,20],[20,20,20,20,20,11,10,20,20,20,20,20,20,20,20,20,20,20,20,10,10,10,10,10,10,10,20,20,20,20,20,20,20,20,20,20,20,20,20,20],[20,20,20,20,10,10,10,20,20,20,20,20,20,20,20,20,20,20,20,20,10,10,10,10,12,20,20,20,20,20,20,20,20,20,20,12,20,20,20,20],[20,20,20,10,10,10,20,20,20,20,20,20,20,20,20,20,20,20,20,20,20,10,10,10,10,20,20,20,20,20,20,20,20,20,20,10,10,20,20,20],[20,20,20,125,122,126,10,14,14,14,20,20,20,20,20,20,20,20,20,20,14,14,20,20,20,20,20,20,20,20,20,20,20,20,20,125,126,20,20,20],[20,20,11,121,120,123,10,10,14,14,14,20,20,20,20,20,20,20,20,14,14,14,20,20,20,20,20,20,14,14,20,20,20,20,20,121,123,20,20,20],[20,20,10,128,120,127,10,20,10,14,14,20,20,20,20,14,14,14,14,14,20,20,20,20,20,20,14,14,14,10,11,20,20,20,20,20,121,122,126,20],[20,20,20,10,142,10,10,10,10,14,14,20,20,14,14,14,14,14,14,14,20,20,20,14,14,14,14,10,10,10,10,10,20,20,20,125,120,120,127,20],[20,20,10,10,142,20,10,20,20,10,14,14,14,14,20,20,20,20,20,14,14,20,20,14,14,14,20,10,10,20,10,10,10,10,125,120,120,127,11,20],[20,20,20,20,142,10,20,20,20,20,14,14,14,20,20,20,20,20,20,20,14,14,20,14,14,20,20,20,10,10,10,10,10,125,120,120,123,10,10,20],[20,20,20,20,142,20,20,20,20,20,14,14,20,20,20,20,20,20,20,20,20,14,14,14,20,20,20,20,20,20,20,20,10,121,120,124,127,10,10,20],[20,20,20,20,142,20,20,20,20,20,20,20,20,20,20,20,20,20,20,20,20,20,20,20,20,20,20,20,20,20,20,20,14,128,127,11,14,14,20,20],[20,20,20,125,127,20,20,20,20,20,20,20,20,20,20,20,20,20,20,20,20,20,20,20,20,20,20,20,20,20,20,20,14,14,20,14,14,14,20,20],[141,141,141,127,20,20,20,20,20,20,20,20,20,20,20,20,20,20,20,20,20,20,20,20,20,20,20,20,20,20,20,20,20,14,14,14,14,11,20,20],[20,20,20,20,20,20,20,20,20,20,20,20,20,20,20,20,20,20,20,20,20,20,20,20,20,20,20,20,20,20,20,20,20,20,20,20,20,20,20,20],[20,20,20,20,20,20,20,20,20,20,20,20,20,20,20,20,20,20,20,20,20,20,20,20,20,20,20,20,20,20,20,20,20,20,20,20,20,20,20,20],[20,20,20,20,20,20,20,20,20,20,20,20,20,20,20,20,20,20,20,20,20,20,20,20,20,20,20,20,20,20,20,20,20,20,20,20,20,20,20,20]];
tileset = "lifewood_dream";
area = "lifewood_path_d";
areaname = "Dreamwood - Snaking Glade";
ambience = null;
dungeon = "Lifewood";
ambience = null;
A_sprites = [{name:"TRANSPORT_TRIGGER",model:"_trigger",x:22,y:3,triggers:-1,WALKON:true,ExecuteScript:function()
{
   _root.ExitDreamrealm();
   _root.WarpTrans(["lifewood_path",22,3]);
}},{name:"Dream Circle",model:"object",type:"examine",x:22,y:3,walkable:true,conv:[["","It\'s a Dream Circle."]]},{name:"SW",model:"area_transition",x:0,y:16,dest:["lifewoodE_d",28,7],ARROW:"W"}];
areaLoot = [{x:35,y:5,amount:1,item:"Angry Juice"},{x:38,y:9,amount:1,item:"Aether Essence"},{x:36,y:16,amount:1,item:"Ether"}];
foes = MONSTER_TABLES.DREAMWOOD;
btlChance = 3;
minSteps = 5;
levelrange = MONSTER_LEVELS.LIFEWOOD;
musicTrack = "Dreamwood";
AreaSetup({WARP:0,DREAM:2,LOOT:3,SNOW:2});
EN_ADD("Places","Dreamwood");
