map = [[20,20,20,20,10,20,20,20,20,20,20,20,20,20,20,20,20,20,20,20],[20,20,20,20,10,20,20,20,20,20,20,20,20,20,20,20,20,20,20,20],[20,20,20,20,10,20,20,20,20,20,20,20,20,20,20,20,20,20,20,20],[20,20,20,20,10,20,20,20,20,20,20,115,112,112,116,20,20,20,20,20],[20,20,20,20,10,10,10,10,20,11,11,111,110,110,110,116,20,20,20,20],[20,20,20,20,20,10,20,10,10,10,10,111,110,114,114,117,12,20,20,20],[20,20,20,125,126,10,20,20,10,20,115,110,117,20,12,10,10,20,20,20],[20,20,20,121,127,20,20,20,115,112,110,117,10,10,10,10,10,20,20,20],[20,20,125,123,20,11,10,10,118,114,117,10,10,20,10,20,10,20,20,20],[20,20,128,127,20,10,20,12,125,126,20,20,10,10,10,10,11,20,20,20],[20,20,10,10,10,10,10,125,120,123,20,11,10,20,10,20,20,20,20,20],[20,20,20,20,10,20,125,120,120,120,126,10,10,10,11,20,20,20,20,20],[20,20,20,20,11,12,128,120,120,120,123,10,10,10,20,20,20,20,20,20],[20,20,20,20,20,10,11,128,120,120,127,10,10,11,20,20,20,20,20,20],[20,20,20,20,20,20,11,11,128,127,10,10,10,11,20,20,20,20,20,20],[20,20,20,20,20,20,20,20,20,20,20,10,20,20,20,20,20,20,20,20],[20,20,20,20,20,20,20,20,20,20,20,10,20,20,20,20,20,20,20,20],[20,20,20,20,20,20,20,20,20,20,20,10,20,20,20,20,20,20,20,20],[20,20,20,20,20,20,20,20,20,20,20,10,20,20,20,20,20,20,20,20],[20,20,20,20,20,20,20,20,20,20,20,10,20,20,20,20,20,20,20,20]];
tileset = "lifewood";
area = "lifewood1";
areaname = "Lifewood";
ambience = null;
dungeon = "Lifewood";
ambience = GenericExternalAmbience({ra:90,rb:0,ga:100,gb:0,ba:70,bb:0,aa:100,ab:0});
A_sprites = [{name:"Fairy",model:"fairy",x:9,y:9,walkspeed:-1,dir:"s",elem:"EARTH",conv:"c_teleporter"},{name:"Save Crystal",model:"o_Crystal",x:8,y:6,walkspeed:-1,conv:"c_healingCrystal"},{name:"N",model:"area_transition",x:4,y:3,dest:["lifewood2",14,44],dir:"n",ARROW:"N"},{name:"EXIT",model:"area_transition",x:11,y:16,dest:["WORLDMAP",1,1],ARROW:"S"}];
areaLoot = [{x:16,y:5,amount:1,item:"Mugwort"}];
foes = MONSTER_TABLES.LIFEWOOD;
btlChance = 3;
minSteps = 5;
levelrange = MONSTER_LEVELS.LIFEWOOD;
musicTrack = "Lifewood";
AreaSetup({WARP:1,SNOW:1,clearmap:1});
EN_ADD("Places","Lifewood");
