map = [[20,20,20,20,20,20,20,20,20,20,119,20,20,20,20,20,20,20,20,20],[20,20,14,22,14,20,20,145,20,20,119,20,20,144,20,20,20,20,20,20],[20,21,10,10,10,23,11,155,143,143,18,143,143,154,20,20,20,20,20,20],[20,14,10,140,10,10,14,10,22,115,110,116,21,11,20,20,20,20,20,20],[20,14,10,10,10,10,10,10,11,111,110,113,10,10,20,20,20,20,20,20],[20,14,14,10,10,10,10,10,10,111,110,113,125,141,141,141,141,141,141,141],[20,20,20,10,10,11,10,10,10,111,110,113,142,20,20,20,20,20,20,20],[20,20,11,10,10,10,10,10,10,111,110,113,128,141,126,20,20,20,20,20],[20,20,143,152,143,145,10,10,11,111,110,113,11,144,152,145,20,20,20,20],[20,20,125,120,126,155,145,10,10,111,110,113,144,154,142,155,20,20,20,20],[20,20,128,120,120,126,155,143,143,18,18,18,154,125,120,122,122,126,20,20],[20,10,20,121,120,120,122,126,115,110,110,110,116,121,120,120,120,120,126,20],[20,20,125,120,120,120,124,127,119,21,119,23,119,128,124,120,120,120,127,20],[20,10,128,124,120,127,144,143,18,143,18,143,18,143,145,128,120,127,144,20],[20,20,143,143,152,143,154,115,110,110,110,110,110,116,155,143,152,143,154,20],[20,20,135,130,130,136,115,110,110,110,110,110,110,110,116,135,130,136,20,20],[20,20,138,134,130,133,118,110,110,114,114,114,110,110,117,131,130,130,136,20],[20,20,20,20,130,130,136,118,117,135,130,136,118,117,135,130,133,20,20,20],[20,20,20,20,138,130,130,132,132,130,130,130,132,132,130,134,137,20,20,20],[20,20,20,20,20,20,138,134,134,134,134,134,134,134,137,20,20,20,20,20]];
tileset = "lifewood_dream";
area = "lifewoodFairies_d";
areaname = "Dreamwood - Pixie Spring";
ambience = null;
dungeon = "Lifewood";
A_sprites = [{name:"Turquoise Keystone",model:"object",x:10,y:17,type:"switch_orb",colour:"turquoise",base:"gold",conv_action:1},{name:"TRANSPORT_TRIGGER",model:"_trigger",x:3,y:3,triggers:-1,WALKON:true,ExecuteScript:function()
{
   _root.ExitDreamrealm();
   _root.WarpTrans(["lifewoodFairies",3,3]);
}},{name:"Dream Circle",model:"object",type:"examine",x:3,y:3,walkable:true,conv:[["","It\'s a Dream Circle."]]},{name:"E",model:"area_transition",x:15,y:5,dest:["lifewoodW_d",5,26],ARROW:"E"}];
areaLoot = [];
foes = [["Pixie",null,null,null,"SOLO"]];
btlChance = 8;
minSteps = 5;
levelrange = MONSTER_LEVELS.LIFEWOOD;
musicTrack = "Dreamwood";
AreaSetup({WARP:0,DREAM:2,LOOT:3,SNOW:2,clearmap:1});
EN_ADD("Places","Dreamwood");
