map = [[20,20,20,210,211,212,213,20,20,20,20,20,20,20,20,142,20,20,20,20,20,20,20,20,20,20,20,20,20,20],[20,20,23,125,120,126,21,20,20,20,20,20,20,20,20,142,20,20,20,20,20,20,20,20,20,20,20,20,20,20],[20,20,20,128,120,127,20,20,20,20,20,20,20,20,20,142,20,20,20,20,20,20,20,20,20,20,20,20,20,20],[20,20,20,143,152,143,145,20,20,20,20,20,20,20,20,142,20,20,20,20,20,20,20,20,20,20,20,20,20,20],[20,20,20,14,142,14,155,143,143,145,20,20,20,20,20,142,20,21,20,20,20,20,20,20,20,20,20,20,20,20],[20,20,14,14,142,14,20,115,116,155,143,143,145,20,20,128,141,126,11,20,11,20,20,20,20,20,20,20,20,20],[20,20,20,14,142,20,115,110,113,20,20,20,155,143,143,143,143,152,143,143,143,143,143,143,145,20,20,20,20,20],[20,20,14,11,142,115,110,110,113,20,20,20,20,20,20,20,20,142,14,14,14,14,12,20,155,143,20,20,20,20],[20,20,11,125,123,118,114,114,113,14,20,20,20,20,20,20,20,142,10,14,20,125,141,141,141,126,20,20,20,20],[20,20,125,120,120,122,126,20,119,12,10,11,20,125,122,122,126,142,10,14,125,127,10,10,10,142,11,20,20,20],[20,11,121,120,120,124,127,10,119,10,10,10,20,128,120,120,120,123,11,10,142,10,10,10,10,142,10,10,20,20],[10,10,121,124,127,10,10,10,139,10,10,10,20,20,20,121,120,120,122,122,120,126,20,10,10,142,10,10,11,20],[11,10,142,10,10,10,20,14,119,10,20,14,10,20,20,121,120,124,124,120,120,123,20,21,10,142,10,23,10,20],[10,10,142,10,10,20,14,14,119,14,14,14,20,20,20,128,127,10,20,128,124,127,20,10,10,142,10,10,10,20],[20,10,142,10,20,20,20,20,119,20,20,20,20,20,20,20,11,10,10,10,10,11,20,10,10,142,10,10,10,20],[20,10,142,10,144,143,143,143,18,143,143,20,20,20,20,20,10,10,10,20,10,10,20,23,10,142,10,22,10,20],[20,143,152,143,154,20,20,115,110,116,20,20,20,20,20,20,20,20,12,10,10,20,20,10,10,142,10,10,20,20],[20,10,142,11,20,20,10,111,110,113,20,20,20,20,20,20,20,20,20,20,20,20,20,10,10,142,10,10,10,12],[20,10,142,10,10,10,10,118,110,110,116,10,10,20,20,20,20,11,10,14,14,20,20,22,10,142,10,21,10,20],[20,10,128,141,141,126,11,10,118,114,117,10,10,10,10,11,20,10,14,14,14,14,20,10,10,142,10,10,10,20],[20,12,10,20,20,142,10,10,10,10,125,122,122,126,20,10,10,14,14,20,14,14,20,10,10,142,12,20,20,20],[20,20,20,20,20,128,126,10,10,10,121,120,120,127,10,10,14,14,14,14,14,14,20,115,112,129,112,116,20,20],[20,20,20,20,11,10,121,122,126,20,121,120,20,11,115,116,14,14,14,14,14,14,20,111,110,129,110,113,20,20],[20,20,20,20,10,10,128,120,120,122,123,20,20,115,110,110,116,20,14,14,14,14,20,111,110,129,110,113,20,20],[20,20,20,12,10,10,10,128,120,120,127,20,20,118,110,114,117,20,20,14,14,20,20,118,114,129,114,117,20,20],[20,20,12,10,10,10,10,10,128,127,20,20,20,20,119,20,20,20,20,20,20,20,20,10,10,142,10,20,20,20],[20,20,14,14,20,10,10,11,20,20,20,20,20,20,119,20,20,20,20,20,20,20,10,20,11,142,10,10,20,20],[20,20,20,14,14,10,10,10,20,20,20,20,20,20,119,20,20,125,122,126,20,20,20,10,125,123,10,11,11,20],[20,20,20,14,14,10,12,20,20,20,20,20,144,143,18,143,145,128,120,127,20,20,10,20,121,120,122,126,11,20],[20,20,20,14,10,10,10,10,20,20,20,143,154,115,110,116,155,143,152,143,20,20,10,125,120,124,120,127,10,20],[20,20,20,20,11,10,10,10,10,20,20,12,11,111,110,113,11,125,120,126,20,20,10,128,127,10,20,10,20,20],[20,20,20,20,10,125,126,10,10,10,10,10,10,139,139,139,10,128,124,127,20,10,10,10,10,20,10,20,20,20],[20,20,20,20,10,121,123,10,12,10,10,115,112,110,110,110,112,116,10,20,10,20,10,10,20,20,20,20,20,20],[20,20,20,20,10,128,123,10,10,10,20,111,110,110,110,110,110,113,20,10,10,11,10,10,20,20,20,20,20,20],[20,20,20,20,20,10,121,126,20,10,10,118,110,110,110,110,110,113,20,10,10,10,10,10,20,20,20,20,20,20],[20,20,20,20,20,12,128,120,126,10,11,10,118,110,110,110,110,117,11,10,10,10,10,10,20,20,20,20,20,20],[20,20,20,20,20,20,20,121,123,10,10,20,11,111,110,110,113,11,10,10,10,10,10,10,20,20,20,20,20,20],[20,20,20,20,20,10,125,120,120,126,10,10,10,118,114,114,117,20,10,20,10,10,10,12,20,20,20,20,20,20],[20,20,20,20,11,20,128,124,120,120,122,126,20,10,22,10,20,10,10,10,10,10,20,10,20,20,20,20,20,20],[20,20,14,14,14,10,10,10,128,124,124,127,10,10,10,10,125,126,20,10,14,20,10,20,20,20,20,20,20,20],[20,14,14,14,14,14,20,10,20,10,10,10,10,10,10,125,120,127,10,14,14,14,20,20,20,20,20,20,20,20],[20,20,14,14,14,14,14,20,20,10,10,20,10,10,10,128,127,10,14,14,20,20,20,20,20,20,20,20,20,20],[20,20,20,20,20,20,20,20,20,20,10,10,10,10,10,10,10,14,14,20,20,20,20,20,20,20,20,20,20,20],[20,20,20,20,20,20,20,20,20,20,20,20,20,10,10,10,20,20,20,20,20,20,20,20,20,20,20,20,20,20],[20,20,20,20,20,20,20,20,20,20,20,20,20,20,10,20,20,20,20,20,20,20,20,20,20,20,20,20,20,20],[20,20,20,20,20,20,20,20,20,20,20,20,20,20,10,20,20,20,20,20,20,20,20,20,20,20,20,20,20,20],[20,20,20,20,20,20,20,20,20,20,20,20,20,20,10,20,20,20,20,20,20,20,20,20,20,20,20,20,20,20],[20,20,20,20,20,20,20,20,20,20,20,20,20,20,10,20,20,20,20,20,20,20,20,20,20,20,20,20,20,20],[20,20,20,20,20,20,20,20,20,20,20,20,20,20,10,20,20,20,20,20,20,20,20,20,20,20,20,20,20,20],[20,20,20,20,20,20,20,20,20,20,20,20,20,20,10,20,20,20,20,20,20,20,20,20,20,20,20,20,20,20]];
tileset = "lifewood_dream";
area = "lifewood2_d";
areaname = "Dreamwood";
ambience = null;
dungeon = "Lifewood";
ambience = null;
A_sprites = [{name:"Dreamstone Cave",model:"area_transition",x:4,y:0,dest:["dreamwood_cave",5,28],dir:"n"},{name:"N",model:"area_transition",x:15,y:3,dest:["lifewood3_d",11,19],dir:"n",ARROW:"N"},{name:"S",model:"area_transition",x:14,y:45,dest:["lifewood1_d",4,4],ARROW:"S"}];
areaLoot = [{x:10,y:9,amount:1,item:"PhoenixPinion"},{x:18,y:27,amount:1,item:"Turquoise"},{x:2,y:40,amount:1,item:"Fig Essence"},{x:19,y:21,amount:1,item:"Purple Conch"},{x:13,y:9,amount:1,item:"FigJuice"}];
foes = MONSTER_TABLES.DREAMWOOD;
btlChance = 3;
minSteps = 5;
levelrange = MONSTER_LEVELS.LIFEWOOD;
musicTrack = "Dreamwood";
AreaSetup({WARP:0,DREAM:2,LOOT:3,SNOW:2});
EN_ADD("Places","Dreamwood");
