map = [[195,195,195,195,195,195,195,195,195,195,195,195,195,195,195,195,195],[195,195,195,195,195,195,195,195,195,195,195,195,195,195,195,195,195],[195,195,195,195,195,195,195,195,195,195,195,195,195,195,195,195,195],[1104,1104,1104,1104,1104,1104,1104,1101,1102,1103,1104,1104,1104,1104,1104,1104,1104],[1114,1114,1114,1114,1114,1114,1114,1111,1112,1113,1114,1114,1114,1114,1114,1114,1114],[1124,1124,1124,1124,1124,1124,1124,1121,1122,1123,1124,1124,1124,1124,1124,1124,1124],[30,130,130,31,130,194,33,195,195,195,32,196,130,31,130,130,31],[20,130,130,130,130,194,195,195,195,195,195,196,130,130,130,130,20],[20,130,130,130,130,194,195,195,195,195,195,196,130,130,130,137,20],[20,138,130,130,130,130,194,195,195,195,196,130,130,130,133,12,20],[20,11,131,130,130,130,30,1106,1106,1106,31,130,130,130,133,10,20],[20,10,138,130,130,130,130,194,195,195,196,130,130,130,137,10,20],[20,10,12,138,130,130,130,194,195,195,196,130,130,133,11,10,20],[20,10,10,11,131,130,31,194,195,195,30,130,130,137,10,10,20],[20,12,10,10,138,130,130,194,195,196,130,130,133,12,10,10,20],[20,10,10,11,10,131,130,194,195,196,130,130,133,10,20,10,20],[20,20,20,10,10,131,30,194,195,196,31,130,133,11,10,12,20],[20,20,10,10,10,138,130,130,130,130,130,130,133,20,10,20,20],[20,20,10,20,10,10,131,130,130,130,130,130,137,10,10,20,20],[20,20,10,10,20,10,131,130,130,130,130,133,12,10,12,20,20],[20,20,20,10,10,10,131,130,130,130,130,133,12,10,10,20,20],[20,20,20,20,10,10,31,130,130,130,31,137,10,11,10,20,20],[20,20,20,20,20,10,138,134,134,134,137,10,10,10,20,20,20],[20,20,20,20,20,20,10,125,122,126,10,10,10,20,20,20,20],[20,20,20,20,20,20,20,128,120,127,10,20,20,20,20,20,20],[20,20,20,20,20,20,20,20,142,20,20,20,20,20,20,20,20],[20,20,20,20,20,20,20,20,142,20,20,20,20,20,20,20,20],[20,20,20,20,20,20,20,20,142,20,20,20,20,20,20,20,20],[20,20,20,20,20,20,20,20,142,20,20,20,20,20,20,20,20],[20,20,20,20,20,20,20,20,142,20,20,20,20,20,20,20,20]];
tileset = "lifewood";
area = "lifewood_temple";
areaname = "Lifewood - Earth Temple";
ambience = null;
dungeon = "Lifewood";
ambience = GenericExternalAmbience({ra:90,rb:0,ga:100,gb:0,ba:70,bb:0,aa:100,ab:0});
A_sprites = [{name:"Fairy",model:"fairy",x:6,y:17,walkspeed:-1,dir:"s",elem:"EARTH",conv:"c_teleporter"},{name:"Save Crystal",model:"o_Crystal",x:10,y:17,walkspeed:-1,conv:"c_healingCrystal"},{name:"Sealed Door",model:"BIGDOOR4",x:8,y:5,dest:["temple_EARTH_1",7,14],lock:(int(GameData.plotVars.MURIANCECH3) >= 2?null:"magic")},{name:"S",model:"area_transition",x:8,y:26,dest:["lifewoodN",32,3],ARROW:"S"}];
areaLoot = [];
musicTrack = "Lifewood";
if(int(GameData.plotVars.MURIANCECH3) < 2)
{
   A_sprites.push({name:"Muriance",model:"muriance",x:8,y:7,walkspeed:-1,dir:"n",elem:"AIR",conv:"c_A_Muriance"});
   musicTrack = "Muriance";
}
foes = [];
btlChance = 0;
minSteps = 5;
levelrange = [1,1];
AreaSetup({WARP:1,SNOW:1,clearmap:1});
EN_ADD("Places","Lifewood");
