map = [[20,20,20,20,20,20,119,20,20,20,20,20,20,20,20,20,20,20,20,20,20,20,20,20,20,20,20,20,20,20],[20,20,20,20,144,20,119,20,20,20,20,20,20,20,20,20,20,20,20,20,20,20,20,20,20,20,20,20,20,20],[20,144,143,143,154,11,119,10,12,12,20,20,20,20,20,20,20,20,20,20,20,20,20,20,20,20,20,20,20,20],[143,154,11,10,10,10,119,10,10,20,12,20,20,20,20,20,20,20,20,20,20,20,20,20,20,20,20,20,20,20],[20,10,10,144,143,143,18,143,143,145,144,20,158,158,158,158,158,20,20,20,20,20,20,20,20,20,20,20,20,20],[20,20,20,154,115,112,110,112,116,155,154,11,159,159,159,159,159,20,20,20,20,20,20,20,20,20,20,20,20,20],[20,20,20,115,110,110,110,110,110,116,11,10,156,157,156,157,156,12,20,20,20,20,20,20,20,20,20,20,20,20],[20,20,20,118,110,110,110,110,110,117,10,10,125,120,166,120,126,10,20,20,20,20,20,20,20,20,20,20,20,20],[20,20,20,20,118,114,114,114,117,11,10,10,121,120,120,120,123,10,12,20,20,20,20,20,20,20,20,20,20,20],[20,20,20,20,20,20,11,11,10,10,10,125,120,120,120,120,127,10,10,20,20,20,20,20,20,20,20,20,20,20],[20,20,20,20,20,20,20,20,10,125,122,120,120,120,120,127,10,10,20,20,20,20,20,20,20,20,20,20,20,20],[20,20,20,20,20,20,20,11,10,121,120,120,120,124,127,10,10,10,20,20,20,20,20,20,20,20,20,20,20,20],[20,20,20,20,20,20,10,10,10,128,120,124,127,12,10,10,20,20,20,20,20,20,20,20,20,20,20,20,20,20],[20,20,20,20,20,20,10,10,10,12,142,10,10,14,14,20,20,20,20,20,20,20,20,20,20,20,20,20,20,20],[20,20,20,20,20,20,20,10,10,10,142,10,14,14,14,20,20,20,20,20,20,20,20,20,20,20,20,20,20,20],[20,20,20,20,20,20,10,20,10,10,142,10,14,20,14,20,20,20,20,20,20,20,20,20,20,20,20,20,20,20],[20,20,20,20,20,10,10,125,141,141,127,14,14,14,14,20,20,20,20,20,20,20,20,20,20,20,20,20,20,20],[141,141,141,141,141,141,141,127,14,14,14,14,14,14,14,20,20,20,20,20,20,20,20,20,20,20,20,20,20,20],[20,20,20,20,20,20,20,20,14,14,14,14,14,14,20,20,20,20,20,20,20,20,20,20,20,20,20,20,20,20],[20,20,20,20,20,20,20,20,20,20,20,20,20,20,20,20,20,20,20,20,20,20,20,20,20,20,20,20,20,20]];
tileset = "lifewood";
area = "lifewoodE";
areaname = "Lifewood - Shaman\'s Grove";
ambience = null;
dungeon = "Lifewood";
ambience = GenericExternalAmbience({ra:90,rb:0,ga:100,gb:0,ba:70,bb:0,aa:100,ab:0});
A_sprites = [{name:"Shaman\'s House",model:"DOOR4",x:14,y:6,dest:["lifewood_shaman",3,6]},{name:"W",model:"area_transition",x:3,y:17,dest:["lifewood3",19,11],ARROW:"W"}];
areaLoot = [];
foes = [];
btlChance = 0;
minSteps = 5;
levelrange = [1,1];
musicTrack = "Lifewood";
AreaSetup({WARP:1,SNOW:1,clearmap:1});
EN_ADD("Places","Lifewood");
