map = [[20,20,20,20,20,20,20,20,20,20,20,20,20,20,20,142,20,20,20,20,20,20,20,20,20,20,20,20,20,20],[20,20,20,125,122,126,20,20,20,20,20,20,20,20,20,142,20,20,20,20,20,20,20,20,20,20,20,20,20,20],[20,20,20,128,120,127,20,20,20,20,20,20,20,20,20,142,20,20,20,20,20,20,20,20,20,20,20,20,20,20],[20,20,20,143,152,143,145,20,20,20,20,20,20,20,20,142,20,20,20,20,20,20,20,20,20,20,20,20,20,20],[20,20,20,14,142,14,155,143,143,145,20,20,20,20,20,142,20,21,20,20,20,20,20,20,20,20,20,20,20,20],[20,20,14,14,142,14,20,115,116,155,143,143,145,20,20,128,141,126,11,20,11,20,20,20,20,20,20,20,20,20],[20,20,20,14,142,115,112,110,113,20,20,20,155,143,143,143,143,152,143,143,143,143,143,143,145,20,20,20,20,20],[20,20,14,11,142,111,110,110,113,20,20,20,20,20,10,20,10,142,14,14,14,14,12,20,155,143,20,20,20,20],[20,20,11,125,123,118,114,114,113,14,20,20,20,10,20,10,20,142,10,14,20,10,10,10,10,10,20,20,20,20],[20,20,14,128,120,122,126,20,119,12,10,11,10,125,122,122,126,142,10,14,10,10,10,10,10,10,11,20,20,20],[20,20,11,10,20,128,127,10,119,10,10,10,20,128,120,120,120,123,11,10,10,10,10,20,20,10,10,20,20,20],[20,20,14,10,10,10,10,10,139,10,10,10,10,10,20,121,120,120,126,20,125,126,20,20,10,20,10,20,11,20],[20,20,20,14,14,10,20,14,119,10,20,14,10,10,10,121,120,124,124,122,120,123,20,20,20,10,10,20,10,20],[20,20,20,20,20,20,14,14,119,14,14,14,14,20,10,128,127,10,20,128,124,127,20,20,11,10,20,20,10,20],[20,20,20,20,20,20,20,20,119,20,20,20,20,14,14,10,11,10,10,10,10,11,20,20,10,10,10,20,10,20],[20,20,20,20,144,143,143,143,18,143,143,20,20,14,14,20,10,10,10,20,10,10,20,20,20,10,10,10,10,20],[20,20,20,143,154,20,20,115,110,116,20,20,20,20,20,20,20,20,12,10,10,20,20,20,20,10,20,10,20,20],[20,20,20,11,20,20,20,111,110,113,20,20,20,20,20,20,20,20,20,20,20,20,20,12,10,10,20,10,10,12],[20,20,20,10,10,20,20,118,110,110,116,20,20,20,20,20,20,11,10,14,14,20,10,10,20,20,20,20,20,10],[20,20,10,10,10,10,11,20,118,114,117,20,20,20,10,11,20,10,20,14,14,14,20,10,20,20,10,10,10,10],[20,12,10,20,20,10,10,10,10,10,125,122,122,126,20,10,10,14,14,20,14,14,14,14,20,12,12,20,20,20],[20,20,20,20,20,20,20,10,20,10,121,120,120,127,10,10,14,14,20,14,14,20,14,20,115,112,112,116,20,20],[20,20,20,20,11,10,125,122,126,20,121,120,20,11,115,116,14,20,20,20,20,20,20,20,111,110,110,113,20,20],[20,20,20,20,10,10,128,120,120,122,123,20,20,115,110,110,116,20,20,20,20,20,20,20,111,110,110,113,20,20],[20,20,20,12,10,20,10,128,120,120,127,20,20,118,110,114,117,20,20,20,20,20,20,20,118,114,114,117,20,20],[20,20,12,10,10,10,10,10,128,127,20,20,20,20,119,20,20,20,20,20,20,20,20,10,10,20,20,20,20,20],[20,20,14,14,20,10,20,11,20,20,20,20,20,20,119,20,20,20,20,20,20,20,10,20,11,20,10,20,20,20],[20,20,20,14,14,10,10,10,20,20,20,20,20,20,119,20,20,20,20,20,20,20,20,10,125,126,20,11,11,20],[20,20,20,14,14,10,12,20,20,20,20,20,144,143,18,143,145,20,20,20,20,20,10,20,121,120,122,126,11,20],[20,20,20,14,10,10,10,10,20,20,20,143,154,115,110,116,155,143,20,20,20,20,10,125,120,124,120,127,10,20],[20,20,20,20,11,10,10,10,10,20,20,12,11,111,110,113,11,10,20,10,10,20,10,128,127,10,20,10,20,20],[20,20,20,20,10,125,126,10,20,20,20,115,112,110,110,113,10,10,10,10,20,10,10,10,10,20,10,20,20,20],[20,20,20,20,10,121,123,10,12,20,20,111,110,110,110,110,112,116,10,10,10,20,10,10,20,20,20,20,20,20],[20,20,20,20,10,128,123,10,10,10,20,111,110,110,110,110,110,113,10,20,10,11,20,10,20,20,20,20,20,20],[20,20,20,20,20,10,121,126,20,10,10,118,110,110,110,110,110,113,10,10,20,10,10,10,20,20,20,20,20,20],[20,20,20,20,20,12,128,120,126,10,11,10,118,110,110,110,110,117,11,10,10,10,20,10,20,20,20,20,20,20],[20,20,20,20,20,20,20,121,123,10,10,20,11,111,110,110,113,11,10,10,10,20,10,10,20,20,20,20,20,20],[20,20,20,20,20,10,125,120,120,126,10,10,10,118,114,114,117,20,10,20,10,10,10,12,20,20,20,20,20,20],[20,20,20,20,11,20,128,124,120,120,122,126,20,10,22,10,20,10,10,10,10,10,20,10,20,20,20,20,20,20],[20,20,14,14,14,10,10,10,128,124,124,127,10,10,10,10,125,126,20,10,14,20,10,20,20,20,20,20,20,20],[20,14,14,14,14,14,20,10,20,10,10,10,10,10,10,125,120,127,10,14,14,14,20,20,20,20,20,20,20,20],[20,20,14,14,14,14,14,20,20,10,10,20,10,10,10,128,127,10,14,14,20,20,20,20,20,20,20,20,20,20],[20,20,20,20,20,20,20,20,20,20,10,10,10,10,10,10,10,14,14,20,20,20,20,20,20,20,20,20,20,20],[20,20,20,20,20,20,20,20,20,20,20,20,20,10,10,10,20,20,20,20,20,20,20,20,20,20,20,20,20,20],[20,20,20,20,20,20,20,20,20,20,20,20,20,20,10,20,20,20,20,20,20,20,20,20,20,20,20,20,20,20],[20,20,20,20,20,20,20,20,20,20,20,20,20,20,10,20,20,20,20,20,20,20,20,20,20,20,20,20,20,20],[20,20,20,20,20,20,20,20,20,20,20,20,20,20,10,20,20,20,20,20,20,20,20,20,20,20,20,20,20,20],[20,20,20,20,20,20,20,20,20,20,20,20,20,20,10,20,20,20,20,20,20,20,20,20,20,20,20,20,20,20],[20,20,20,20,20,20,20,20,20,20,20,20,20,20,10,20,20,20,20,20,20,20,20,20,20,20,20,20,20,20],[20,20,20,20,20,20,20,20,20,20,20,20,20,20,10,20,20,20,20,20,20,20,20,20,20,20,20,20,20,20]];
tileset = "lifewood";
area = "lifewood2";
areaname = "Lifewood";
ambience = null;
dungeon = "Lifewood";
ambience = GenericExternalAmbience({ra:90,rb:0,ga:100,gb:0,ba:70,bb:0,aa:100,ab:0});
A_sprites = [{name:"Amethyst Keystone",model:"object",x:4,y:1,type:"switch_orb",colour:"amethyst",base:"gold",conv_action:1},{name:"N",model:"area_transition",x:15,y:3,dest:["lifewood3",11,19],dir:"n",ARROW:"N"},{name:"S",model:"area_transition",x:14,y:45,dest:["lifewood1",4,4],ARROW:"S"}];
areaLoot = [{x:1,y:40,amount:1,item:"Mugwort"},{x:23,y:25,amount:1,item:"PhoenixPinion"},{x:17,y:30,amount:1,item:"Snakestone"},{x:1,y:20,amount:1,item:"Noxious Bomb"},{x:25,y:20,amount:1,item:"Acid Seed"},{x:2,y:7,amount:1,item:"Forest Edge"}];
foes = MONSTER_TABLES.LIFEWOOD;
btlChance = 3;
minSteps = 5;
levelrange = MONSTER_LEVELS.LIFEWOOD;
musicTrack = "Lifewood";
AreaSetup({WARP:1,SNOW:1});
EN_ADD("Places","Lifewood");
