map = [[20,20,20,20,10,10,10,10,10,10,11,20,20,20,20,20,20,20,20,20,20,20,20,20,20,20,20,20,20,20,20,20,20,20,20,20,20,20,20,20],[20,20,20,20,10,20,20,20,20,14,14,14,14,14,14,14,12,20,20,20,20,20,20,20,20,20,20,20,20,20,20,20,11,10,10,11,20,20,20,20],[20,20,20,12,10,20,20,20,20,14,14,14,10,10,10,14,14,20,20,20,20,20,14,11,10,10,10,20,20,20,20,10,125,126,10,10,20,20,20,20],[20,20,20,10,10,10,10,12,20,20,14,14,10,10,10,20,20,20,20,20,20,14,14,10,20,20,10,10,10,20,10,125,120,123,20,20,20,20,20,20],[20,20,10,10,20,10,10,10,10,20,20,20,10,10,10,10,20,20,20,20,14,14,20,20,20,20,20,20,10,125,122,120,120,127,20,20,20,20,20,20],[20,20,10,20,20,20,10,10,20,20,20,20,20,20,20,20,20,20,20,14,14,20,20,20,20,20,20,20,10,121,120,120,127,10,20,20,20,20,20,20],[20,20,10,20,20,20,10,10,11,144,20,20,20,20,20,20,20,20,14,14,20,20,20,20,20,20,20,20,20,128,124,127,20,20,20,20,20,20,20,20],[20,20,10,20,20,20,144,143,143,154,20,20,20,20,14,14,14,14,14,20,20,20,20,20,20,20,20,20,20,10,10,20,20,20,20,20,20,20,20,20],[20,125,126,20,20,144,154,14,14,14,20,20,20,20,14,20,20,20,20,20,11,12,10,20,20,20,20,20,20,10,12,20,20,20,20,20,20,20,20,20],[20,128,123,12,144,154,20,14,14,14,14,20,20,14,14,20,20,20,20,20,10,140,10,20,20,20,20,20,20,10,10,20,20,20,20,20,20,20,20,20],[20,143,152,143,154,20,20,20,20,20,14,14,22,14,20,20,20,20,20,20,10,10,10,20,20,20,20,20,20,10,20,20,20,20,20,20,20,20,20,20],[20,125,123,20,20,20,20,20,20,20,20,125,122,126,20,20,20,20,20,20,10,10,10,20,20,20,20,20,20,10,20,20,20,20,20,20,20,20,20,20],[20,121,123,10,20,20,20,20,20,20,20,120,120,123,20,20,20,20,20,20,20,10,20,20,20,20,20,20,10,10,11,20,20,20,20,20,20,20,20,20],[20,128,123,20,20,20,20,20,20,20,20,128,124,120,126,20,20,20,20,20,10,10,20,20,20,20,20,10,125,126,10,20,20,20,20,20,20,20,20,20],[20,143,152,143,145,20,20,20,20,20,20,115,116,128,120,126,20,20,20,10,10,10,20,20,20,20,21,10,121,120,126,10,20,20,20,20,20,20,20,20],[20,128,120,126,155,145,20,20,20,20,20,111,110,116,128,124,122,126,10,10,10,20,20,20,20,20,11,125,120,120,123,12,20,20,20,20,20,20,20,20],[20,10,128,123,11,155,143,143,145,20,20,118,110,110,19,116,121,120,126,20,20,20,20,20,20,20,10,121,120,120,120,126,10,20,20,20,20,20,20,20],[20,20,11,121,126,11,20,20,155,143,143,143,18,143,142,119,121,120,123,10,20,20,20,20,20,20,10,128,120,120,120,123,10,10,10,10,10,10,10,10],[20,20,10,128,124,122,126,10,20,20,115,112,110,116,142,119,128,120,127,11,20,20,20,20,20,20,10,12,121,120,120,127,20,20,20,20,20,20,20,20],[20,20,20,10,10,128,127,20,20,11,118,114,114,113,143,18,143,152,143,145,20,20,20,20,20,20,20,10,128,120,123,10,20,20,20,20,20,20,20,20],[20,20,20,20,20,11,10,10,12,10,10,20,20,118,112,113,125,120,126,155,143,143,143,145,20,20,20,20,10,121,123,20,20,115,110,110,110,110,116,20],[20,20,20,20,20,20,20,10,10,10,20,20,20,20,118,117,128,120,127,20,20,20,20,155,143,145,20,20,10,121,127,11,20,119,20,20,20,20,118,116],[20,20,20,20,20,20,20,10,23,20,20,20,20,20,20,20,10,10,10,20,20,20,20,20,20,155,143,143,143,152,143,143,143,18,143,145,20,20,20,119],[20,20,20,20,20,20,20,10,20,20,20,20,20,20,20,20,10,20,20,20,20,20,20,20,20,20,20,10,125,120,127,115,112,110,116,155,145,20,20,119],[20,20,20,20,20,20,20,10,20,20,20,20,20,20,20,20,10,10,20,20,20,20,20,20,20,20,10,125,120,127,115,110,110,110,110,116,155,143,20,119],[20,20,20,20,20,20,10,10,20,20,20,20,20,20,20,20,20,10,10,11,20,20,20,20,20,12,10,128,127,115,110,110,114,114,114,110,112,116,20,119],[10,10,10,10,10,10,10,20,20,20,20,20,20,20,20,20,20,10,10,10,10,20,12,10,10,10,10,10,10,111,110,113,20,20,20,118,114,117,20,119],[20,20,20,20,20,20,20,20,20,20,20,20,20,20,20,20,20,20,12,10,10,10,10,10,10,10,10,115,112,110,110,117,20,20,20,20,20,20,20,119],[20,20,20,20,20,20,20,20,20,20,20,20,20,20,20,20,20,20,20,20,10,10,10,11,10,20,20,118,114,114,117,20,20,20,20,20,20,20,20,119],[20,20,20,20,20,20,20,20,20,20,20,20,20,20,20,20,20,20,20,20,20,20,10,10,20,20,20,20,20,20,20,20,20,20,20,20,20,20,20,119]];
tileset = "lifewood";
area = "lifewoodW";
areaname = "Lifewood";
ambience = null;
dungeon = "Lifewood";
ambience = GenericExternalAmbience({ra:90,rb:0,ga:100,gb:0,ba:70,bb:0,aa:100,ab:0});
A_sprites = [{name:"Sapphire Keystone",model:"object",x:13,y:3,type:"switch_orb",colour:"sapphire",base:"gold",conv_action:1},{name:"TRANSPORT_TRIGGER",model:"_trigger",x:21,y:9,triggers:-1,WALKON:true,ExecuteScript:function()
{
   if(!CanEnterDreamrealm())
   {
      return undefined;
   }
   _root.EnterDreamrealm();
   _root.WarpTrans(["lifewoodW_d",21,9]);
}},{name:"Dream Circle",model:"object",type:"examine",x:21,y:9,walkable:true,conv:[["","It\'s a Dream Circle."]]},{name:"E",model:"area_transition",x:34,y:17,dest:["lifewood3",2,10],dir:"s",ARROW:"E"},{name:"W",model:"area_transition",x:4,y:26,dest:["lifewoodFairies",14,5],ARROW:"W"}];
areaLoot = [{x:35,y:2,amount:3456,type:"gold"},{x:16,y:2,amount:1,item:"Ether of Kings"},{x:10,y:3,amount:1,item:"Candriathope"},{x:1,y:11,amount:1,item:"Viper\'s Eye"},{x:23,y:26,amount:5,item:"Remedy"}];
foes = MONSTER_TABLES.LIFEWOOD;
btlChance = 3;
minSteps = 5;
levelrange = MONSTER_LEVELS.LIFEWOOD;
musicTrack = "Lifewood";
AreaSetup({WARP:1,SNOW:1});
EN_ADD("Places","Lifewood");
