map = [[10,10,10,10,10,10,10,10,10,10,10,13,13,13,13,13,13,13,10,10,10,10,10,10,10,10,10,10,10],[10,10,10,10,10,10,10,10,10,10,10,117,111,11,11,11,111,11,10,10,10,10,10,10,10,10,10,10,10],[10,10,10,10,10,10,10,10,10,10,10,111,10,10,19,10,10,11,10,10,10,10,10,10,10,10,10,10,10],[10,10,10,10,10,10,10,14,10,10,10,11,10,10,19,10,10,11,10,10,10,15,10,10,10,10,10,10,10],[10,10,10,10,13,13,13,114,13,113,13,11,10,10,10,10,10,11,113,13,113,115,113,13,13,10,10,10,10],[10,10,10,10,111,111,111,11,11,111,111,11,10,15,15,14,10,11,11,11,111,11,11,11,11,10,10,10,10],[10,10,10,10,111,10,10,10,10,10,10,11,113,115,115,114,13,11,10,10,10,10,10,10,11,10,10,10,10],[10,10,13,13,11,13,13,10,10,10,10,11,11,111,129,129,11,11,10,10,10,10,13,13,11,113,113,10,10],[10,10,36,11,11,11,36,10,10,10,10,111,37,11,17,118,36,117,10,10,10,10,37,11,11,11,37,10,10],[10,10,129,11,117,11,111,10,10,10,10,11,11,11,116,11,11,11,10,10,10,10,11,11,117,11,119,10,10],[10,10,11,11,11,11,11,10,10,10,10,11,11,11,16,117,11,11,10,10,10,10,111,11,11,129,11,10,10],[10,10,11,111,11,11,11,10,10,10,10,10,10,11,16,11,10,10,10,10,10,10,117,111,11,11,111,10,10],[10,10,11,11,11,11,11,10,10,10,10,10,10,11,16,11,10,10,10,10,10,10,117,11,11,11,11,10,10],[10,10,119,11,11,117,11,13,113,13,10,10,10,11,116,11,10,10,10,113,113,13,11,11,11,11,11,10,10],[10,10,37,119,11,11,11,11,11,11,10,10,10,111,16,119,10,10,10,11,11,11,11,11,11,11,36,10,10],[10,10,10,10,10,10,10,10,10,11,10,10,10,11,16,11,10,10,10,11,10,10,10,10,10,10,10,10,10],[10,15,10,10,10,10,10,10,113,11,13,10,10,11,16,11,10,10,13,11,13,10,10,10,10,10,10,14,10],[13,115,113,13,13,13,10,10,119,11,11,10,10,11,16,11,10,10,11,11,11,10,10,13,13,13,13,114,13],[11,11,11,11,11,11,10,10,11,11,11,10,10,11,16,117,10,10,11,111,11,10,10,11,11,11,11,11,129],[11,118,11,11,11,11,10,10,111,11,11,10,10,119,116,111,10,10,111,11,11,10,10,11,11,11,11,11,11],[11,11,11,10,10,11,10,10,11,11,11,10,10,11,16,117,10,10,11,11,11,10,10,11,10,10,11,11,117],[11,11,117,10,10,11,10,10,10,11,10,10,10,111,16,11,10,10,10,11,10,10,10,11,10,10,11,11,11],[11,111,11,10,10,11,13,113,13,11,10,10,10,11,116,11,10,10,10,11,13,13,13,11,10,10,11,11,11],[11,117,11,10,10,11,11,11,11,11,10,10,10,117,16,11,10,10,10,11,11,11,11,11,10,10,11,11,117],[11,11,11,10,10,10,10,10,10,10,10,10,10,11,16,129,10,10,10,10,10,10,10,10,10,10,117,11,11],[11,11,11,10,10,10,10,10,10,10,10,10,10,11,16,11,10,10,10,10,10,10,10,10,10,10,11,11,11],[10,11,10,10,10,10,10,10,10,10,10,10,10,11,16,11,10,10,10,10,10,10,10,10,10,10,10,11,10],[10,11,13,113,113,113,10,10,10,10,10,10,10,11,16,11,10,10,10,10,10,10,10,13,13,13,13,11,10],[10,11,11,117,11,11,10,10,10,10,113,113,113,11,116,11,13,13,13,10,10,10,10,129,11,11,11,11,10],[10,10,10,10,10,11,10,10,10,10,118,11,11,11,116,11,11,11,117,10,10,10,10,11,10,10,10,10,10],[10,10,10,10,10,11,10,10,10,10,11,11,37,11,16,11,36,11,11,10,10,10,10,11,10,10,10,10,10],[10,10,10,10,113,11,113,10,10,10,117,11,11,11,11,11,11,117,11,10,10,10,13,11,113,10,10,10,10],[10,10,10,13,118,11,11,13,10,10,11,10,10,10,10,10,10,10,11,10,10,13,11,11,11,13,10,10,10],[10,10,10,11,111,11,117,11,10,10,11,10,10,10,10,10,10,10,11,10,10,11,117,117,11,11,10,10,10],[10,10,10,17,11,11,11,38,10,10,11,10,10,10,112,10,10,10,111,10,10,17,11,11,11,17,10,10,10],[10,10,10,11,111,116,129,11,10,10,11,10,14,10,19,10,15,10,11,10,10,11,11,116,119,11,10,10,10],[10,10,10,10,11,119,118,10,10,10,11,13,114,13,19,113,115,113,11,10,10,10,11,119,129,10,10,10,10],[10,10,10,10,10,10,10,10,10,10,11,11,119,11,11,111,111,111,11,10,10,10,10,10,10,10,10,10,10],[10,10,10,10,10,10,10,10,10,10,11,11,117,11,11,11,111,11,111,10,10,10,10,10,10,10,10,10,10]];
tileset = "monastery_lost";
area = "lostmonastery2";
areaname = "Lost Monastery";
dungeon = "LostMonastery";
ambience = {ra:66,rb:0,ga:70,gb:0,ba:63,bb:0,aa:100,ab:0};
A_sprites = [{name:"N",model:"area_transition",x:14,y:3,dir:"s",dest:["lostmonastery1",14,1],ARROW:"S"},{name:"S",model:"DOOR1",x:14,y:34,dir:"n",dest:["lostmonastery3",5,18]}];
areaLoot = [{x:5,y:35,amount:1,item:"Righteous Justice",monsters:[["FallenPaladin",null,null,null],["Fallen Paladin",null,null,null],[20,null,null,null],"SOLO"]},{x:23,y:35,amount:1,item:"Righteous Honour",monsters:[["FallenPaladin",null,null,null],["Fallen Paladin",null,null,null],[20,null,null,null],"SOLO"]}];
foes = MONSTER_TABLES.LOST_MONASTERY;
btlChance = GameData.plotVars.VEHRNCH3 < 4?5:0;
minSteps = 5;
levelrange = MONSTER_LEVELS.LOST_MONASTERY;
musicTrack = GameData.plotVars.VEHRNCH3 < 4?"Dungeon1":"HymnOfYalort";
AreaSetup({WARP:1});
