map = [[10,10,10,10,10,10,10,10,10,10,10,10,10,10,12,10,10,10,10,10,10,10,10,10,10,10,10,10,10],[10,10,10,10,10,10,10,10,10,10,10,10,10,10,11,10,10,10,10,10,10,10,10,10,10,10,10,10,10],[10,10,10,10,10,10,10,10,10,10,10,10,10,113,11,13,10,10,10,10,10,10,10,10,10,10,10,10,10],[10,10,10,10,10,10,10,10,10,10,10,10,10,11,11,11,10,10,10,10,10,10,10,10,10,10,10,10,10],[10,10,10,10,10,10,10,10,10,10,10,10,13,11,11,11,113,10,10,10,10,10,10,10,10,10,10,10,10],[10,10,10,10,10,10,10,10,10,10,10,10,11,11,11,11,111,10,10,10,10,10,10,10,10,10,10,10,10],[10,10,14,15,14,10,10,10,10,10,10,10,19,14,15,15,19,10,10,10,10,10,10,10,15,14,14,10,10],[20,20,114,115,114,20,20,10,10,10,10,14,19,114,115,115,19,15,10,10,10,10,20,20,115,114,114,20,20],[11,11,11,17,11,11,111,10,10,10,10,114,117,11,111,117,11,115,10,10,10,10,11,11,11,38,11,11,118],[11,129,11,11,11,11,11,10,10,10,10,11,11,11,11,111,117,117,10,10,10,10,11,11,11,11,11,11,11],[11,11,11,116,11,129,11,10,10,10,10,19,13,13,13,113,13,19,10,10,10,10,11,11,11,16,11,11,11],[11,11,11,11,129,11,11,10,10,10,10,11,11,11,111,11,11,11,10,10,10,10,11,11,11,11,11,11,11],[11,11,11,11,111,11,11,10,10,10,10,10,11,11,11,11,11,10,10,10,10,10,119,11,11,11,11,11,11],[11,11,11,11,11,11,11,10,10,10,10,10,10,10,19,10,10,10,10,10,10,10,129,11,11,11,11,119,11],[10,10,10,10,11,10,10,10,10,10,10,10,10,10,19,10,10,10,10,10,10,10,10,10,11,10,10,10,10],[10,10,10,13,11,13,113,113,13,13,13,113,13,13,19,13,13,13,13,13,13,113,13,13,11,13,10,10,10],[10,10,10,11,11,11,11,11,11,11,119,11,36,11,11,11,37,11,11,11,11,11,11,11,11,11,10,10,10],[10,10,10,11,11,11,11,11,11,11,11,11,11,11,11,11,11,11,11,11,11,11,11,11,11,11,10,10,10],[10,10,10,11,11,11,11,11,11,11,11,11,11,11,11,11,11,11,11,11,11,11,11,11,11,11,10,10,10],[10,10,10,11,11,10,10,10,10,10,10,10,10,10,10,10,10,10,10,10,10,10,10,10,11,11,10,10,10],[10,10,10,11,11,10,10,10,10,10,10,10,10,10,10,10,10,10,10,10,10,10,10,10,11,11,10,10,10],[10,10,10,11,11,10,10,10,10,10,10,10,10,10,10,10,10,10,10,10,10,10,10,10,11,11,10,10,10],[10,10,10,11,11,10,10,10,10,10,10,10,10,15,15,14,10,10,10,10,10,10,10,10,11,11,10,10,10],[10,10,10,11,11,10,10,10,10,10,10,10,14,115,115,114,14,10,10,10,10,10,10,10,11,11,10,10,10],[10,10,10,11,11,10,10,10,10,10,10,15,114,11,11,11,114,14,10,10,10,10,10,10,11,11,10,10,10],[10,10,10,129,11,10,10,10,10,10,10,115,38,33,34,35,17,114,10,10,10,10,10,10,11,11,10,10,10],[10,10,10,11,11,13,113,13,113,113,13,17,11,11,11,118,11,38,13,13,113,13,13,13,11,11,10,10,10],[10,10,10,11,11,11,11,11,11,11,11,11,11,117,16,11,11,11,11,11,11,11,11,11,11,11,10,10,10],[10,10,10,11,11,11,11,11,11,11,11,11,36,11,16,11,37,11,11,11,11,11,11,11,11,11,10,10,10],[10,10,10,10,10,10,10,10,10,10,10,11,11,11,116,129,11,11,10,10,10,10,10,10,10,10,10,10,10],[10,10,10,10,10,10,10,10,10,10,10,11,11,11,16,11,11,11,10,10,10,10,10,10,10,10,10,10,10],[10,10,10,10,10,10,10,10,10,10,10,129,36,11,116,11,37,11,10,10,10,10,10,10,10,10,10,10,10],[10,10,10,10,10,10,20,20,20,113,13,11,11,11,16,11,11,11,13,13,20,20,20,10,10,10,10,10,10],[10,10,10,10,10,10,119,11,11,111,117,11,11,11,16,11,11,11,117,11,11,11,118,10,10,10,10,10,10],[10,10,10,10,10,10,11,16,11,11,11,11,37,11,16,11,36,11,11,11,11,16,11,10,10,10,10,10,10],[10,10,10,10,10,10,11,119,129,11,11,11,11,11,11,11,11,11,11,11,11,11,11,10,10,10,10,10,10],[10,10,10,10,10,10,10,10,10,10,10,10,10,10,19,10,10,10,10,10,10,10,10,10,10,10,10,10,10],[10,10,10,10,10,10,10,10,10,10,10,10,10,10,19,10,10,10,10,10,10,10,10,10,10,10,10,10,10],[10,10,10,10,10,10,10,10,10,10,10,10,10,10,10,10,10,10,10,10,10,10,10,10,10,10,10,10,10]];
tileset = "monastery_lost";
area = "lostmonastery1";
areaname = "Lost Monastery";
dungeon = "LostMonastery";
ambience = {ra:66,rb:0,ga:70,gb:0,ba:63,bb:0,aa:100,ab:0};
A_sprites = [{name:"Emerald Gate",model:"object",x:14,y:1,type:"switch_gate",colour:"emerald"},{name:"Amethyst Gate",model:"object",x:14,y:2,type:"switch_gate",colour:"amethyst"},{name:"Emerald Keystone",model:"object",x:3,y:10,type:"switch_orb",colour:"emerald",base:"gold",conv_action:1},{name:"Amethyst Keystone",model:"object",x:25,y:10,type:"switch_orb",colour:"amethyst",base:"gold",conv_action:1},{name:"N",model:"DOOR1",x:14,y:0,dir:"n",dest:["lostmonastery2",14,2]},{name:"S",model:"BIGDOOR3",x:14,y:38,dir:"s",dest:["lifewood_monastery",8,7]}];
areaLoot = [{x:0,y:13,amount:1,item:"PhoenixDown"},{x:28,y:8,amount:1,item:"Bitterleaf",hidden:true},{x:14,y:24,item:"Yalortian Robe",amount:1},{x:22,y:35,amount:1,item:"YalortianAmulet"}];
foes = MONSTER_TABLES.LOST_MONASTERY;
btlChance = int(GameData.plotVars.VEHRNCH3) < 4?5:0;
minSteps = 5;
levelrange = MONSTER_LEVELS.LOST_MONASTERY;
musicTrack = int(GameData.plotVars.VEHRNCH3) < 4?"Dungeon1":"HymnOfYalort";
AreaSetup({WARP:1});
EN_ADD("Places","Lost Monastery");
