map = [[10,10,10,10,10,10,10,10,10,13,13,13,13,13,13,13,10,10,10,10],[10,10,10,10,10,10,10,10,110,12,12,12,12,12,12,12,17,10,10,10],[10,10,10,10,10,10,10,16,12,120,125,125,125,125,125,121,12,14,10,10],[10,10,10,10,10,10,10,16,120,113,122,11,11,11,123,113,121,14,10,10],[10,10,10,10,10,10,10,16,124,126,111,11,116,11,111,124,126,14,10,10],[10,10,10,10,10,13,13,110,124,126,11,11,11,11,11,124,126,14,10,10],[10,10,10,10,16,12,12,12,124,126,11,11,11,11,11,124,126,14,10,10],[10,10,10,10,16,120,125,125,127,122,11,11,11,11,11,123,122,14,10,10],[10,10,10,10,16,124,18,19,111,11,11,11,11,11,11,11,111,14,10,10],[10,10,10,10,16,124,14,10,19,11,11,11,11,11,11,11,18,10,10,10],[10,10,10,10,16,124,14,10,10,19,111,11,11,11,111,18,10,10,10,10],[10,10,13,10,16,124,14,10,10,10,19,11,11,11,18,10,10,10,10,10],[10,16,114,14,16,124,17,10,10,10,10,15,15,15,10,10,10,10,10,10],[10,110,112,14,16,124,12,17,10,10,10,10,10,10,10,10,10,10,10,10],[16,12,112,17,110,124,121,12,14,10,10,10,10,10,10,10,10,10,10,10],[16,11,11,12,12,123,113,121,14,10,10,10,10,10,10,10,10,10,10,10],[16,111,11,11,11,111,123,122,14,10,10,10,10,10,10,10,10,10,10,10],[10,19,11,11,11,11,11,11,14,10,10,10,10,10,10,10,10,10,10,10],[10,10,19,111,11,11,11,18,10,10,10,10,10,10,10,10,10,10,10,10],[10,10,10,15,15,15,15,10,10,10,10,10,10,10,10,10,10,10,10,10]];
tileset = "cave2_dream";
area = "pcave4_d";
areaname = "Dreamrealm - T. Grotto - B3";
ambience = null;
dungeon = "Dreamcave";
A_sprites = [{name:"TRANSPORT_TRIGGER",model:"_trigger",x:12,y:4,triggers:-1,WALKON:true,ExecuteScript:function()
{
   if(!HASPLOTITEM("Talisman of ONEIROS"))
   {
      return undefined;
   }
   _root.WarpTrans(["pcave4",12,4]);
}},{name:"Dream Circle",model:"object",type:"examine",x:12,y:4,walkable:true,conv:[["","It\'s a Dream Circle."]]},{name:"Save Crystal",model:"o_Crystal",x:5,y:18,walkspeed:-1,conv:"c_healingCrystal"},{name:"Purple Keystone",model:"object",x:12,y:9,type:"switch_orb",colour:"amethyst",base:"gold",conv_action:1},{name:"EXIT",model:"area_transition",x:2,y:12,dir:"s",dest:["pcave3_d",42,2]}];
areaLoot = [];
foes = MONSTER_TABLES.DREAMWOOD;
btlChance = 3;
levelrange = MONSTER_LEVELS.LIFEWOOD;
musicTrack = "Gloria_Dream";
AreaSetup({clearmap:1,DREAM:true,LOOT:3});
