map = [[10,10,10,10,10,10,10,10,10,10,10,10,10,10,13,13,13,10,10,10],[10,10,10,10,10,10,10,10,10,10,10,10,10,17,137,137,137,18,10,10],[10,10,10,10,10,10,10,13,13,13,13,13,17,140,152,20,113,139,14,10],[10,10,10,10,10,13,17,137,137,137,137,137,140,11,11,11,113,113,14,10],[10,10,10,10,17,137,140,113,11,11,11,150,150,113,11,11,150,150,14,10],[10,10,10,17,140,11,11,11,11,150,11,11,11,11,11,150,150,113,14,10],[10,10,16,140,11,11,128,132,132,132,132,132,129,150,11,11,150,19,10,10],[10,10,17,11,11,128,127,127,127,127,127,127,127,132,129,11,150,14,10,10],[10,16,140,11,11,135,127,127,127,127,127,127,127,127,133,11,11,14,10,10],[10,16,11,11,128,127,127,127,127,127,127,127,127,127,133,11,11,18,10,10],[10,16,11,11,135,127,134,134,134,134,127,127,127,127,133,11,11,139,14,10],[10,17,11,11,131,130,19,15,15,110,135,127,127,127,133,113,11,150,18,10],[16,140,11,19,15,15,10,10,10,16,131,127,127,127,127,129,11,11,139,14],[16,113,11,14,10,13,13,13,10,10,110,131,127,127,127,133,11,11,113,14],[16,11,11,18,17,137,137,137,18,10,10,110,135,127,127,127,129,11,11,14],[16,153,11,139,137,153,151,152,139,14,10,17,135,127,127,127,133,11,11,14],[16,11,11,11,113,152,11,11,113,14,16,140,135,127,127,127,133,11,11,14],[10,110,11,11,11,11,11,11,19,10,17,128,127,127,127,127,133,11,11,14],[10,16,153,11,11,11,11,11,14,16,140,135,127,127,134,134,130,11,11,14],[10,10,110,113,153,11,152,19,10,16,128,127,134,130,113,11,11,11,113,14],[10,10,10,15,15,15,15,10,10,16,131,130,11,11,11,11,11,11,19,10],[10,10,10,10,10,10,10,10,10,16,11,11,11,11,11,11,11,150,14,10],[10,10,10,10,10,10,10,10,10,16,11,19,15,15,110,150,113,19,10,10],[10,10,10,10,10,10,10,10,10,16,11,14,10,10,10,15,15,10,10,10]];
tileset = "sandcave";
area = "sandcaveSC";
areaname = "Sandflow Caves";
ambience = null;
dungeon = "sandcave";
A_sprites = [{name:"Door",model:"area_transition",x:10,y:23,dir:"s",dest:["sandcave4",6,43],ARROW:"S"}];
areaLoot = [{x:15,y:3,amount:1,item:"Reptoid Spearhead"},{x:6,y:15,amount:1,item:"Gizmometer",hidden:1,monsters:[["Sand Marauder",null,null,null],["Sand Marauder",null,null,null],[18,null,null,null],"SOLO"]}];
foes = MONSTER_TABLES.SANDCAVE;
btlChance = 4;
minSteps = 5;
levelrange = MONSTER_LEVELS.SANDCAVE;
musicTrack = "SandflowCaves";
AreaSetup({WARP:Boolean(GameData.plotVars.DONE_CH3_INTRO)});
EN_ADD("Places","Sandflow Caves");
