map = [[10,10,13,10,10,10,10,10,10,10,10,10,10,10,10,10,10,10,10,10],[10,16,115,14,10,10,10,10,10,10,10,10,10,10,10,10,10,10,10,10],[10,16,114,14,10,10,10,10,10,10,10,10,10,10,10,10,10,10,10,10],[10,16,114,14,10,10,10,10,10,10,10,10,10,10,10,10,10,10,10,10],[10,16,114,14,10,10,10,10,10,10,10,10,10,10,10,10,10,10,10,10],[10,16,114,14,10,10,10,10,10,10,10,10,10,10,10,10,10,10,10,10],[10,16,11,18,10,10,10,10,10,10,10,10,13,13,13,10,10,10,10,10],[10,16,11,112,18,10,10,10,10,10,13,17,112,12,111,14,10,10,10,10],[10,16,11,11,112,14,10,10,10,17,12,111,11,11,11,14,10,10,10,10],[10,16,11,11,11,18,13,13,17,111,11,11,11,11,11,14,10,10,10,10],[10,10,110,11,11,112,12,12,111,113,11,11,11,113,19,10,10,10,10,10],[10,10,10,110,11,11,11,113,11,11,11,11,11,19,10,10,10,10,10,10],[10,10,10,16,11,11,11,11,11,11,11,11,11,14,10,10,10,10,10,10],[10,10,10,10,110,11,11,11,11,11,11,11,19,10,10,10,10,10,10,10],[10,10,10,10,10,15,110,11,11,11,113,11,18,10,10,10,10,10,10,10],[10,10,10,10,10,10,17,11,11,11,11,11,112,14,10,10,10,10,10,10],[10,10,10,10,10,16,111,11,11,11,11,11,113,18,10,10,10,10,10,10],[10,10,10,10,10,16,113,11,11,11,11,113,11,112,18,10,10,10,10,10],[10,10,10,10,10,16,11,11,11,11,11,11,11,11,112,18,10,10,10,10],[10,10,10,10,10,10,15,15,110,113,113,113,11,113,11,112,14,10,10,10],[10,10,10,10,10,10,10,10,10,110,113,113,11,11,11,113,18,10,10,10],[10,10,10,10,10,10,10,10,10,16,113,11,11,11,11,11,112,18,10,10],[10,10,10,10,10,10,10,10,10,16,113,11,11,11,11,11,11,112,18,10],[10,10,10,10,10,10,10,10,10,10,110,11,11,11,11,11,11,11,112,14],[10,10,10,10,10,10,10,10,10,10,10,110,11,11,11,11,11,11,113,14],[10,10,10,10,10,10,10,10,10,10,10,10,110,11,11,11,113,11,11,14],[10,10,10,10,10,10,10,10,10,10,10,10,16,11,11,11,11,113,11,14],[10,10,10,10,10,10,10,10,10,10,10,10,16,113,11,11,11,11,11,14],[10,10,10,10,10,10,10,10,10,10,10,10,17,11,11,11,11,11,11,14],[10,10,10,10,10,10,10,10,10,10,13,17,111,11,11,11,11,11,19,10],[10,10,10,10,10,10,10,10,10,17,12,111,11,11,11,11,11,19,10,10],[10,10,10,10,10,10,10,10,17,111,11,11,11,11,11,11,19,10,10,10],[10,10,10,10,10,10,13,17,111,11,11,11,11,113,113,19,10,10,10,10],[10,10,10,10,10,17,12,111,11,11,11,11,113,19,15,10,10,10,10,10],[10,10,10,10,16,111,113,11,11,11,113,11,19,10,10,10,10,10,10,10],[10,10,10,10,17,11,11,11,11,11,11,19,10,10,10,10,10,10,10,10],[10,10,10,17,111,11,11,11,11,19,15,10,10,10,10,10,10,10,10,10],[10,10,16,111,113,11,11,113,19,10,10,10,10,10,10,10,10,10,10,10],[10,10,16,113,11,11,11,11,14,10,10,10,10,10,10,10,10,10,10,10],[10,10,16,11,11,11,11,113,14,10,10,10,10,10,10,10,10,10,10,10],[10,10,10,110,11,11,113,11,14,10,10,10,10,10,10,10,10,10,10,10],[10,10,10,16,11,11,11,11,14,10,10,10,10,10,10,10,10,10,10,10],[10,10,10,10,110,11,11,11,14,10,10,10,10,10,10,10,10,10,10,10],[10,10,10,10,16,113,11,11,14,10,10,10,10,10,10,10,10,10,10,10],[10,10,10,10,10,110,11,113,14,10,10,10,10,10,10,10,10,10,10,10],[10,10,10,10,10,16,114,19,10,10,10,10,10,10,10,10,10,10,10,10],[10,10,10,10,10,16,114,14,10,10,10,10,10,10,10,10,10,10,10,10],[10,10,10,10,10,16,114,14,10,10,10,10,10,10,10,10,10,10,10,10],[10,10,10,10,10,16,114,14,10,10,10,10,10,10,10,10,10,10,10,10],[10,10,10,10,10,10,10,10,10,10,10,10,10,10,10,10,10,10,10,10]];
tileset = "sandcave";
area = "sandcave1";
areaname = "Sandflow Caves";
ambience = null;
dungeon = "sandcave";
A_sprites = [{name:"N",model:"area_transition",x:2,y:1,dest:["sunTemple6",6,24],dir:"n"},{name:"S",model:"area_transition",x:6,y:48,dest:["xantusia",2,17],dir:"s",ARROW:"S"}];
areaLoot = [];
foes = MONSTER_TABLES.SANDCAVE;
btlChance = 4;
minSteps = 5;
levelrange = MONSTER_LEVELS.SANDCAVE;
musicTrack = "SandflowCaves";
AreaSetup({WARP:Boolean(GameData.plotVars.DONE_CH3_INTRO)});
EN_ADD("Places","Sandflow Caves");
