map = [[10,10,10,13,13,13,13,13,13,13,13,13,13,13,10,10,10,13,129,13,13,10,10,10,10,10,10,10,10,10,10,10,10,10,10,10,10,10,10,10],[10,10,110,12,113,12,12,12,12,12,12,113,12,12,17,13,110,12,129,12,12,17,10,10,10,10,13,129,13,10,10,10,10,10,10,10,10,10,10,10],[10,16,116,128,11,11,11,11,11,11,11,11,11,11,117,12,116,123,118,120,124,117,14,10,13,110,12,129,12,17,13,13,10,10,10,10,10,10,10,10],[10,110,11,11,11,18,15,15,15,15,15,15,19,11,11,128,123,118,118,118,118,124,17,110,12,116,123,118,124,117,113,12,17,10,10,10,10,10,10,10],[16,116,11,11,18,10,10,10,10,10,10,10,110,132,11,11,119,118,118,118,118,121,117,116,123,120,118,118,118,120,120,124,117,14,10,10,10,10,10,10],[16,128,11,18,10,10,10,10,13,13,13,110,116,130,11,11,119,118,118,118,118,118,120,120,118,118,118,118,118,118,118,118,124,17,13,10,10,10,10,10],[16,11,11,14,10,13,13,110,12,12,12,116,123,121,11,11,119,118,118,118,118,118,118,118,118,122,122,122,122,122,122,122,125,117,12,14,10,10,10,10],[16,11,11,17,110,12,113,116,11,11,11,123,118,121,11,11,126,118,118,118,118,122,122,122,125,11,11,11,11,11,11,11,11,11,128,17,10,10,10,10],[16,11,11,117,116,123,120,124,11,11,11,119,118,118,124,11,11,119,118,118,125,11,11,128,11,11,11,18,19,11,11,11,11,11,11,117,14,10,10,10],[16,11,11,123,120,118,118,118,124,11,123,118,118,118,118,124,11,126,122,125,128,11,11,11,11,11,11,14,16,128,11,11,11,11,11,11,14,10,10,10],[16,11,11,126,118,118,118,118,125,11,126,122,122,122,122,125,11,11,11,11,11,11,11,11,11,11,11,14,10,19,11,11,11,11,11,11,14,10,10,10],[16,11,11,11,119,118,118,125,11,11,11,18,15,15,15,15,19,128,11,11,11,11,11,128,11,11,128,14,10,16,11,11,11,11,11,128,14,10,10,10],[16,128,11,11,126,122,125,11,11,11,128,14,10,10,10,10,10,15,15,19,11,11,11,11,11,11,11,14,10,16,11,11,11,11,11,128,14,10,10,10],[10,19,128,11,11,11,11,11,11,11,11,14,10,10,10,13,13,10,10,10,19,11,11,11,11,11,11,14,10,16,128,11,11,11,11,128,14,10,10,10],[10,10,15,19,11,11,11,11,11,128,18,10,10,10,110,113,12,17,10,10,16,128,11,11,11,128,18,10,10,16,11,11,11,11,128,128,14,10,10,10],[10,10,10,10,15,19,128,11,11,18,10,10,10,16,116,11,11,117,14,10,10,15,19,11,11,18,10,10,10,110,11,11,11,128,128,18,10,10,10,10],[10,10,10,10,10,10,15,19,11,14,10,10,10,16,11,11,11,11,14,10,10,10,10,19,111,14,10,10,16,116,11,11,11,18,15,10,10,10,10,10],[10,10,10,10,10,10,10,16,11,17,10,10,10,16,11,11,11,11,14,10,10,10,10,16,111,14,10,10,110,11,11,11,11,17,10,10,10,10,10,10],[10,10,10,10,10,10,10,16,11,117,17,10,10,16,11,11,11,11,14,10,10,10,10,10,115,10,10,110,116,11,18,19,11,117,17,10,10,10,10,10],[10,10,10,10,10,10,10,16,11,11,117,17,13,10,19,11,11,18,10,10,10,10,10,10,10,13,110,116,11,11,14,16,11,11,117,17,10,10,10,10],[10,10,10,10,10,10,10,16,128,11,11,117,113,17,110,11,11,17,13,10,10,13,13,13,110,12,116,11,11,18,10,10,19,11,11,117,17,10,10,10],[10,10,10,10,10,10,10,10,19,128,11,11,128,117,116,11,11,117,12,17,110,12,12,113,116,11,11,11,11,14,10,10,16,11,11,11,117,14,10,10],[10,10,10,10,10,10,10,10,10,19,11,11,11,11,11,11,11,11,128,117,116,11,11,11,11,11,11,11,128,14,10,10,16,128,11,11,128,14,10,10],[10,10,10,10,10,10,10,10,10,10,19,11,128,11,11,11,11,11,123,124,11,11,11,11,11,11,128,18,15,10,10,10,10,15,19,11,11,14,10,10],[10,10,10,10,10,10,10,10,10,10,10,15,15,19,11,11,11,123,118,121,11,11,18,15,15,15,15,10,10,10,10,10,10,10,110,11,11,14,10,10],[10,10,10,10,10,10,10,10,10,10,10,10,10,10,19,11,11,119,118,121,11,11,17,13,13,13,13,13,13,10,10,10,10,110,116,11,18,10,10,10],[10,10,10,10,10,10,10,10,10,10,10,10,10,10,10,19,11,126,122,118,124,11,117,113,12,129,12,12,12,17,13,13,110,116,11,11,14,10,10,10],[10,10,10,10,10,10,10,10,10,10,10,10,10,10,10,16,11,11,11,119,121,11,123,120,120,118,120,124,128,117,12,113,116,11,11,18,10,10,10,10],[10,10,10,10,10,10,10,10,10,10,10,10,10,10,10,16,123,120,120,122,122,131,118,122,122,122,122,125,11,11,11,11,11,11,18,10,10,10,10,10],[10,10,10,10,10,10,10,10,10,10,10,10,10,10,10,16,119,118,121,11,11,11,130,11,11,11,11,11,11,11,11,18,19,11,14,10,10,10,10,10],[10,10,10,10,10,10,10,10,10,10,10,13,10,10,10,16,119,118,122,131,120,120,118,120,120,120,120,124,11,128,18,10,16,11,14,10,10,10,10,10],[10,10,10,10,10,10,10,10,10,10,16,112,14,10,10,16,126,125,11,11,126,122,122,122,122,122,122,125,128,18,10,10,16,11,14,10,10,10,10,10],[10,10,10,10,10,10,10,10,10,10,16,11,14,10,10,10,19,11,11,11,18,15,15,15,15,15,15,15,15,10,10,10,16,11,14,10,13,13,13,10],[10,10,10,10,10,10,10,10,10,10,16,111,14,10,10,10,110,11,11,128,14,10,10,10,10,10,10,10,10,10,10,10,16,11,17,110,12,113,12,14],[10,10,10,10,10,10,10,10,10,10,16,111,17,13,13,110,116,11,18,15,10,10,10,10,10,10,10,10,10,10,10,10,16,11,117,116,11,11,11,14],[10,10,10,10,10,10,10,10,10,10,16,111,117,12,113,116,11,11,14,10,10,10,10,10,10,10,10,10,10,10,10,10,16,11,11,11,11,11,11,14],[10,10,10,10,10,10,10,10,10,10,16,11,11,11,11,11,11,18,10,10,10,10,10,10,10,10,10,10,10,10,10,10,10,15,15,19,11,11,11,14],[10,10,10,10,10,10,10,10,10,10,10,19,128,11,11,18,15,10,10,10,10,10,10,10,10,10,10,10,10,10,10,10,10,10,10,10,15,15,15,10],[10,10,10,10,10,10,10,10,10,10,10,10,15,15,15,10,10,10,10,10,10,10,10,10,10,10,10,10,10,10,10,10,10,10,10,10,10,10,10,10],[10,10,10,10,10,10,10,10,10,10,10,10,10,10,10,10,10,10,10,10,10,10,10,10,10,10,10,10,10,10,10,10,10,10,10,10,10,10,10,10]];
tileset = "cave_aqua";
area = "serpentcave1";
areaname = "Serpent\'s Lair";
ambience = null;
dungeon = "SerpentCave";
ambience = GenericExternalAmbience({ra:80,rb:0,ga:90,gb:0,ba:100,bb:0,aa:100,ab:0});
if(GameData.switches.SerpentCave == null)
{
   GameData.switches.SerpentCave = {emerald:1,sappire:1};
}
A_sprites = [{name:"Save Crystal",model:"o_Crystal",x:21,y:13,walkspeed:-1,conv:"c_healingCrystal"},{name:"Sapphire Keystone",model:"object",x:18,y:27,type:"switch_orb",colour:"sapphire",base:"gold",conv_action:1},{name:"Emerald Keystone",model:"object",x:23,y:29,type:"switch_orb",colour:"emerald",base:"gold",conv_action:1},{name:"Sapphire Platform",model:"object",x:21,y:28,type:"switch_platform",colour:"sapphire"},{name:"Emerald Platform",model:"object",x:19,y:30,type:"switch_platform",colour:"emerald"},{name:"Emerald Gate",model:"object",x:15,y:20,type:"switch_gate",colour:"emerald"},{name:"Emerald Gate",model:"object",x:16,y:20,type:"switch_gate",colour:"emerald"},{name:"Sapphire Gate",model:"object",x:33,y:32,type:"switch_gate",colour:"sapphire"},{name:"DOWN",model:"area_transition",x:11,y:31,dest:["serpentcave2",36,12]},{name:"EXIT",model:"area_transition",x:24,y:18,dest:["lifewoodN",6,28]}];
areaLoot = [{x:9,y:7,amount:1,item:"FigJuice"},{x:14,y:16,amount:3,item:"Fish Scales"},{x:16,y:15,amount:1,item:"LesserRainbowShirt"},{x:17,y:17,amount:10,item:"LiquidSound"},{x:37,y:34,amount:1,item:"Rune Shield"},{x:38,y:34,amount:1,item:"PhoenixDown"},{x:38,y:36,amount:3,item:"Aquamarine"}];
foes = MONSTER_TABLES.SERPENT_DEN;
btlChance = 3;
minSteps = 5;
levelrange = MONSTER_LEVELS.SERPENT_DEN;
musicTrack = "Dungeon2";
AreaSetup({WARP:1});
EN_ADD("Places","Lifewood");
