map = [[10,10,10,10,10,10,10,10,10,10,10,10,12,14,12,14,12,12,12,14,10,10,10,10,10,10,10,10,10,10,10,10,10,10,10,10,10,10,10,10,10,10,10,10,10,15,14,12,14,12],[12,14,12,15,14,12,12,14,12,12,14,12,112,15,12,15,112,16,17,15,10,10,10,10,10,10,12,15,12,15,12,15,15,12,12,12,12,12,12,15,12,12,12,12,12,12,15,112,15,12],[12,15,12,12,15,12,12,15,12,12,15,12,11,11,11,11,11,18,18,18,10,10,10,10,10,10,12,12,112,12,12,12,112,12,15,12,112,12,12,12,112,12,15,12,12,11,11,11,11,11],[11,11,11,11,11,11,11,11,11,11,11,11,11,11,11,11,11,18,18,18,10,10,10,10,10,10,11,11,11,11,11,11,11,11,11,11,11,11,11,11,11,11,11,11,11,11,11,11,11,11],[11,11,11,10,10,10,10,10,10,19,19,19,19,19,19,19,19,18,18,18,10,10,10,10,10,10,11,11,11,10,10,10,10,10,10,10,11,11,10,10,10,10,10,10,10,11,19,19,19,11],[11,11,11,10,10,10,10,10,10,18,18,18,18,18,18,18,18,18,18,18,10,10,10,10,10,10,11,11,11,10,10,10,10,10,10,10,11,11,10,10,10,10,10,10,10,11,18,18,18,11],[11,11,11,10,10,10,10,10,10,18,18,18,18,18,18,18,18,18,18,18,10,10,10,10,10,10,11,11,11,10,10,10,10,10,10,10,11,11,10,10,10,10,10,10,10,11,18,18,18,11],[11,11,11,10,10,10,10,10,10,18,18,18,18,10,10,10,18,18,18,18,10,10,10,10,10,10,11,11,11,10,10,10,10,10,10,10,11,11,10,10,10,10,10,10,10,11,18,18,18,11],[11,11,11,10,10,10,10,10,10,18,18,18,18,10,13,10,18,18,18,18,10,10,10,10,10,10,11,11,11,10,10,10,10,10,10,10,11,11,10,10,10,10,10,10,10,11,11,11,11,11],[11,11,11,10,10,10,10,10,10,18,18,18,18,10,13,10,18,18,18,18,10,10,10,10,10,10,11,11,11,10,10,10,10,10,10,10,11,11,12,14,12,15,10,10,10,11,11,11,11,11],[11,11,11,10,10,10,10,10,10,18,18,18,18,15,11,12,18,18,18,18,10,10,10,10,10,10,11,11,11,10,10,10,10,10,10,10,11,11,12,15,12,12,10,10,10,10,10,11,10,10],[11,11,11,12,12,12,15,12,12,18,18,18,18,112,11,112,18,18,18,18,10,10,10,10,10,10,11,11,11,14,14,10,10,10,14,14,11,11,16,17,11,11,10,10,10,10,10,11,10,10],[11,11,11,15,112,12,12,112,12,18,18,18,11,11,11,11,11,18,18,18,12,15,15,12,12,12,11,11,11,15,15,10,10,10,15,15,11,11,18,18,11,11,10,10,10,10,10,11,10,10],[11,11,11,11,11,11,11,11,11,110,110,110,11,11,11,11,11,18,18,18,12,112,12,12,112,15,11,11,11,16,17,10,10,10,16,17,11,11,18,18,11,11,10,10,10,10,10,11,10,10],[11,11,11,11,11,11,11,11,11,18,18,18,11,11,11,11,11,18,18,18,11,11,11,11,11,11,11,11,11,18,18,10,10,10,18,18,11,11,18,18,11,11,10,10,10,10,10,11,10,10],[11,11,11,10,10,10,10,10,10,18,18,18,11,11,11,11,11,18,18,18,11,11,11,11,11,11,11,11,11,18,18,12,14,12,18,18,11,11,18,18,11,11,10,10,10,10,14,11,14,10],[11,11,11,10,10,10,10,10,10,18,18,18,11,11,11,11,11,18,18,18,11,11,11,11,11,11,11,11,11,18,18,12,15,12,18,18,11,11,18,18,11,11,10,10,10,10,15,11,15,10],[11,11,11,12,12,15,12,12,12,18,18,18,19,19,19,19,111,18,18,18,19,19,19,19,19,19,19,19,19,18,18,19,19,19,18,18,19,111,18,18,11,11,10,10,10,10,11,11,11,10],[11,11,11,12,112,12,112,12,15,18,18,18,18,18,18,18,111,18,18,18,18,18,18,18,18,18,18,18,18,18,18,18,18,18,18,18,18,111,18,18,11,11,10,10,10,10,11,11,11,10],[11,11,11,19,19,19,19,19,19,18,18,18,18,18,18,18,111,18,18,18,10,10,10,10,10,10,10,10,10,10,10,10,10,10,10,10,11,11,18,18,11,11,10,10,10,10,11,11,11,10],[11,11,11,18,18,18,18,18,18,18,18,18,18,18,18,18,111,18,18,18,10,10,10,10,10,10,10,10,10,10,10,10,10,10,10,10,11,11,18,18,11,11,10,10,10,10,11,11,11,10],[11,11,11,18,18,18,18,18,18,18,18,18,18,18,18,18,111,18,18,18,10,10,10,10,10,10,10,10,10,10,10,10,10,10,10,10,11,11,18,18,11,11,10,10,10,10,10,11,10,10],[11,11,11,11,11,11,11,11,11,18,18,18,11,11,11,11,11,11,11,11,10,10,10,10,10,10,10,10,10,10,10,10,10,10,10,10,11,11,18,18,11,11,10,10,10,10,10,11,10,10],[11,11,11,11,11,11,11,11,11,110,18,18,11,11,11,11,11,11,11,11,10,10,10,10,10,10,10,10,10,10,10,10,10,10,10,10,11,11,18,18,11,11,10,10,10,10,10,11,10,10],[11,11,11,11,11,11,11,11,11,18,18,18,11,11,11,11,11,11,11,11,10,10,10,10,10,10,10,10,10,10,10,10,10,10,10,10,11,11,18,18,11,11,10,10,10,10,10,11,10,10],[10,10,10,10,10,10,10,10,10,18,18,18,10,10,10,10,10,11,11,11,12,12,12,12,12,12,12,15,12,12,12,12,12,12,15,12,11,11,18,18,11,11,12,15,12,12,12,11,12,12],[10,10,10,10,10,10,10,10,10,18,18,18,10,10,10,10,10,11,11,11,12,12,112,12,12,112,12,12,112,15,12,112,12,12,112,12,11,11,18,18,11,11,12,12,112,12,12,11,112,15],[10,10,10,10,10,10,10,10,10,18,18,18,10,10,10,10,10,11,11,11,11,11,11,11,11,11,11,11,11,11,11,11,11,11,11,11,11,11,18,18,11,11,11,11,11,11,11,11,11,11],[10,10,10,10,10,10,10,10,10,18,18,18,10,10,10,10,10,11,11,11,11,11,11,11,11,11,11,11,11,11,11,11,11,11,11,11,11,11,18,18,11,11,11,11,11,11,11,11,11,11],[10,10,10,10,10,10,10,10,10,18,18,18,10,10,10,10,10,19,19,19,19,19,19,19,19,19,19,19,19,19,19,19,19,19,19,19,19,19,18,18,19,19,19,19,19,19,19,19,19,19]];
tileset = "sewer";
area = "sewer1";
areaname = "Goznor Sewer L1";
ambience = null;
dungeon = "GoznorSewer";
A_sprites = [{name:"Save Crystal",model:"o_Crystal",x:14,y:14,walkspeed:-1,conv:"c_healingCrystal"},{name:"Big Door",model:"BIGDOOR3",x:14,y:1,lock:"lock",dir:"n",key:"SewerKey",dest:["sewer2",39,16]},{name:"Exit",model:"area_transition",x:14,y:8,dir:"e",dest:["goznor",22,1],ARROW:"N"}];
areaLoot = [{x:7,y:24,type:"item",amount:2,item:"Antidote"},{x:21,y:15,type:"item",amount:3,item:"Antidote"},{x:40,y:11,type:"item",amount:2,item:"Antidote"},{x:41,y:11,type:"item",amount:3,item:"Antidote"}];
foes = MONSTER_TABLES.SEWER1;
btlChance = 2;
levelrange = MONSTER_LEVELS.SEWER1;
musicTrack = "Dungeon1";
AreaSetup({WARP:1});
EN_ADD("Places","Goznor Sewers");
