map = [[20,20,20,20,20,20,20,20,20,20,20,20,20,20,20,20,20,20,20,20,20,20,20,20,20,20,20,20,20,20,20,20,20,20,20,20,20,20,20,20],[20,20,20,20,20,20,20,11,13,13,13,13,20,20,20,20,20,20,20,20,20,20,20,20,20,20,20,20,20,20,20,20,20,20,20,20,20,20,20,20],[20,20,20,20,20,20,13,13,13,13,20,10,20,20,20,20,20,20,20,20,20,20,20,20,20,20,20,20,20,20,20,20,20,20,13,13,13,20,20,20],[20,20,20,20,20,20,13,10,10,20,20,10,20,20,20,20,20,20,20,20,20,20,20,20,20,20,20,20,20,20,20,20,20,13,13,13,13,13,20,20],[10,10,10,10,10,10,10,10,20,20,11,10,11,20,20,20,20,13,13,13,13,20,20,20,13,13,13,13,20,20,20,20,20,13,13,13,13,13,20,20],[20,20,20,20,20,20,20,20,20,10,10,10,10,10,20,20,10,10,10,13,13,13,13,13,13,13,13,13,13,20,20,124,124,124,124,124,20,20,20,20],[20,20,20,20,20,20,20,20,20,11,10,10,10,11,20,20,10,20,20,20,13,13,10,10,10,10,10,13,13,13,20,123,123,123,123,123,20,20,20,20],[20,20,20,20,20,20,20,20,20,10,10,10,10,10,10,10,10,20,20,20,20,10,10,10,10,10,10,10,10,13,20,123,123,123,123,123,20,20,20,20],[20,20,20,20,20,20,20,20,20,20,10,10,10,10,10,10,20,20,20,20,20,20,10,10,10,10,10,10,10,11,20,121,120,122,120,121,20,20,20,20],[20,20,20,20,20,20,20,20,20,20,20,20,20,20,20,20,20,20,20,20,20,20,20,13,13,13,10,10,10,10,20,125,125,126,125,125,20,20,20,20],[20,20,20,20,20,20,20,20,20,20,20,20,20,20,20,20,20,20,20,20,20,20,20,20,13,13,13,10,10,10,10,10,10,10,10,10,20,20,20,20],[20,20,20,10,10,10,10,11,10,10,20,20,20,20,20,20,20,20,20,20,20,20,20,20,20,13,13,10,10,10,10,10,10,10,10,20,20,20,20,20],[20,20,10,11,10,10,10,10,10,10,13,13,13,13,20,20,20,20,20,20,20,20,20,20,20,13,10,10,10,20,20,20,20,20,20,20,20,20,20,20],[20,20,13,10,10,115,112,112,116,10,10,13,13,13,13,13,13,20,20,20,20,20,20,20,20,13,10,10,20,20,20,20,20,20,20,20,20,20,20,20],[20,11,13,10,115,110,110,110,110,116,10,10,20,20,20,20,20,20,20,20,20,20,20,20,20,13,13,20,20,20,20,20,20,20,20,20,20,20,20,20],[20,13,13,115,110,110,110,110,110,117,10,10,20,20,20,20,20,20,20,20,20,20,20,20,20,13,13,20,20,20,20,20,20,20,20,20,20,20,20,20],[20,13,13,118,110,110,110,110,117,10,10,10,20,20,20,20,20,20,20,20,20,20,20,20,20,13,13,20,20,20,20,20,20,20,20,20,20,20,20,20],[20,13,13,13,118,114,114,117,10,10,10,10,20,20,20,20,20,20,20,20,20,20,20,20,20,13,20,20,20,20,20,20,20,20,20,20,20,20,20,20],[20,13,13,13,13,10,10,10,10,10,10,10,10,20,20,20,20,20,20,20,20,20,20,20,10,13,20,20,20,20,13,13,20,20,20,20,20,20,20,20],[20,13,13,20,20,20,10,10,10,10,10,10,10,10,20,20,20,20,20,20,20,20,20,10,10,10,20,20,20,13,13,13,11,20,20,20,20,20,20,20],[20,13,13,20,20,20,10,10,10,13,20,20,10,10,10,20,20,20,20,20,20,20,10,10,13,20,20,20,13,13,13,13,10,10,20,20,20,20,20,20],[20,13,13,20,20,20,20,11,10,13,20,20,20,13,13,13,13,20,20,20,20,20,10,13,13,20,20,20,13,13,13,13,10,10,20,20,20,20,20,20],[20,13,20,20,20,20,20,10,13,13,20,20,20,20,20,13,13,13,13,20,20,10,10,20,20,20,20,11,10,13,13,13,13,10,10,10,10,10,10,10],[20,13,20,20,20,20,20,10,13,13,20,20,20,20,20,20,13,13,13,13,13,13,20,20,20,20,20,10,10,13,13,13,13,13,20,20,20,20,20,20],[20,13,20,20,20,20,20,10,13,13,20,20,20,20,20,20,20,13,13,13,13,20,20,20,20,20,20,10,13,13,13,13,13,13,20,20,20,20,20,20],[20,13,20,20,20,20,20,10,10,13,20,20,20,20,20,20,20,20,20,20,20,20,20,20,20,20,20,20,13,13,13,13,13,20,20,20,20,20,20,20],[20,13,20,20,20,20,20,10,10,13,20,20,20,20,20,20,20,20,20,20,20,20,20,20,20,20,20,20,13,13,10,11,13,20,20,20,20,20,20,20],[20,13,20,20,20,20,20,20,10,10,10,20,20,20,20,20,20,20,20,20,20,20,20,20,20,20,20,13,13,10,10,10,20,20,20,20,20,20,20,20],[20,13,20,20,20,20,20,20,20,10,10,10,20,20,20,20,20,20,20,20,20,20,20,20,20,20,20,13,13,10,10,20,20,20,20,20,20,20,20,20],[20,20,20,20,20,20,20,20,20,10,10,10,10,13,13,20,20,20,20,20,20,20,20,20,20,20,20,13,10,10,10,20,20,20,20,20,20,20,20,20],[20,20,20,20,20,20,20,20,20,20,20,20,20,13,13,13,13,20,20,20,20,20,20,20,20,20,10,10,10,10,10,20,20,20,20,20,20,20,20,20],[20,20,20,20,20,20,20,20,20,20,20,20,20,20,13,13,13,20,20,20,20,20,20,20,20,10,10,10,10,10,20,20,20,20,20,20,20,20,20,20],[20,20,20,20,20,20,20,20,20,20,20,20,20,20,20,13,10,20,20,20,20,20,20,20,20,10,10,10,10,20,20,20,20,20,20,13,13,20,20,20],[20,20,20,20,20,20,20,20,20,20,20,20,20,20,20,13,10,10,13,13,13,13,13,11,10,10,10,10,10,20,20,20,20,20,13,13,13,13,20,20],[20,20,20,20,20,20,20,20,20,20,20,20,20,20,20,10,10,10,10,13,13,13,13,13,13,13,10,10,10,20,20,20,20,11,13,13,13,13,20,20],[20,20,20,20,20,20,20,20,20,20,20,20,20,20,20,20,10,10,10,10,10,13,13,13,13,10,10,10,10,10,10,10,13,13,13,13,13,13,20,20],[20,20,20,20,20,20,20,20,20,20,20,20,20,20,20,20,20,10,10,10,10,10,10,10,10,10,10,10,13,13,13,13,13,13,13,13,13,20,20,20],[20,20,20,20,20,20,20,20,20,20,20,20,20,20,20,20,20,10,11,10,10,10,10,10,10,10,20,20,20,20,20,20,20,20,20,20,20,20,20,20],[20,20,20,20,20,20,20,20,20,20,20,20,20,20,20,20,20,20,20,10,10,10,10,10,10,20,20,20,20,20,20,20,20,20,20,20,20,20,20,20],[20,20,20,20,20,20,20,20,20,20,20,20,20,20,20,20,20,20,20,20,20,20,20,20,20,20,20,20,20,20,20,20,20,20,20,20,20,20,20,20]];
tileset = "darkwood";
area = "soothwood";
areaname = "Soothwood";
ambience = null;
dungeon = "Soothwood";
ambience = GenericExternalAmbience();
A_sprites = [{name:"Shaman\'s House",model:"DOOR4",x:33,y:8,dest:["soothwood_shaman",3,6]},{name:"E",model:"area_transition",x:36,y:22,dest:["WORLDMAP",1,1],ARROW:"E"},{name:"W",model:"area_transition",x:5,y:4,dest:["WORLDMAP",1,1,"crashsite"],ARROW:"W"}];
if(GameData.CHAPTER == 1)
{
   A_sprites.push({name:"INTERJECTION",model:"_trigger",x:33,y:22,ExecuteScript:function()
   {
      _root.Interjection("Deugan","soothwood1","c_A_Deugan");
   }});
   A_sprites.push({name:"Poshgoblin",model:"ch2bosses",x:11,y:4,walkspeed:-1,dir:"w",Static:true,elem:"DARK",BOSSCODE:"Poshgoblin",conv:[["norm","Snee! Snee! I say! Snee! Pip-pip! Snee."],Do = function()
   {
      BATTLE([["PoshGoblin",null,null,null],["Poshgoblin",null,null,null],[2,null,null,null],"SOLO","Poshgoblin"],"battle",true,true);
      return 1;
   }]});
}
areaLoot = [{x:1,y:28,amount:1,item:"Potion"},{x:35,y:32,amount:1,item:"Potion"},{x:29,y:6,amount:1,item:"Potion"},{x:16,y:13,amount:1,item:"Potion"}];
foes = MONSTER_TABLES.SOOTHWOOD;
btlChance = 3;
levelrange = MONSTER_LEVELS.SOOTHWOOD;
musicTrack = "Woods";
AreaSetup({WARP:1});
EN_ADD("Places","Soothwood");
