map = [[13,13,13,13,13,13,13,13,13,10,10,10,10,10,10,10,10,10,13,13,13,10,10,10,10,10],[12,12,12,12,12,12,12,12,12,10,10,10,10,10,10,10,10,10,12,12,12,10,10,10,10,10],[114,114,114,114,114,114,114,26,114,10,10,10,112,112,112,10,10,10,114,114,114,10,10,10,10,10],[114,114,114,114,114,114,114,114,114,10,112,112,113,113,113,112,112,10,114,26,114,10,10,10,10,10],[114,114,26,114,114,114,114,114,114,13,113,113,16,18,16,113,113,13,114,114,114,13,13,13,13,13],[114,114,114,114,114,114,114,114,114,12,31,14,16,19,16,15,31,12,114,114,114,110,12,12,12,110],[11,11,11,11,11,114,114,114,114,30,11,14,16,16,16,15,11,30,114,114,114,11,30,11,30,11],[11,11,11,11,11,11,11,11,11,11,11,14,16,16,16,15,11,11,11,11,11,11,11,11,11,11],[11,11,31,11,11,11,11,11,11,11,11,14,16,16,16,15,11,11,11,11,11,11,11,31,11,11],[11,11,11,11,11,115,115,115,115,11,11,14,16,16,16,15,11,11,115,115,115,11,11,11,11,11],[11,11,11,11,11,114,114,114,114,11,30,11,11,11,11,11,30,11,114,114,114,11,11,11,11,11],[11,11,11,11,11,114,114,114,114,115,115,11,11,11,11,11,115,115,114,114,114,115,115,115,115,115],[11,11,115,115,115,114,114,114,114,114,114,115,11,11,11,115,114,114,114,114,114,114,114,114,114,114],[11,11,114,114,114,114,26,114,114,114,114,114,11,31,11,114,114,114,114,114,114,114,114,114,114,114],[11,11,114,114,114,114,114,114,114,114,114,114,11,11,11,114,114,114,114,26,114,114,114,114,114,114],[11,11,114,114,114,114,114,114,114,114,114,114,11,11,11,114,114,114,114,114,114,114,114,114,26,114],[11,11,10,10,10,10,10,10,10,10,10,10,11,31,11,10,10,10,10,10,10,10,114,114,114,10],[11,11,10,10,10,10,10,10,10,10,10,13,11,11,11,13,10,10,10,10,10,10,114,114,114,10],[11,11,10,10,10,10,10,10,10,10,10,12,11,11,11,12,10,10,10,10,10,10,114,114,114,10],[11,11,10,10,10,10,10,10,10,10,10,30,11,31,11,30,10,10,10,10,10,10,114,114,114,10],[11,11,10,10,10,10,10,10,10,10,10,11,11,11,11,11,10,10,10,10,10,10,114,114,114,10],[11,11,13,13,13,10,10,10,10,10,10,11,11,11,11,11,10,10,10,10,10,10,114,114,114,10],[11,11,12,12,12,10,10,10,10,10,10,30,11,31,11,30,10,10,10,10,10,10,11,11,11,10],[11,11,11,11,11,10,10,10,10,10,10,11,11,11,11,11,10,10,10,10,10,10,11,11,11,10],[11,11,11,31,11,10,10,10,10,10,10,11,11,11,11,11,10,10,10,10,10,10,10,10,10,10],[11,11,11,11,11,10,10,10,10,10,10,30,11,31,11,30,10,10,10,10,10,10,10,10,10,10],[10,10,10,10,10,10,10,10,10,10,10,11,11,11,11,11,10,10,10,10,10,10,10,10,10,10],[10,10,10,10,10,10,10,10,10,10,10,11,11,11,11,11,10,10,10,10,10,10,10,10,10,10],[10,10,10,10,10,10,10,10,10,10,10,30,11,31,11,30,10,10,10,10,10,10,10,10,10,10],[10,10,10,10,10,10,10,10,10,10,10,11,11,11,11,11,10,10,10,10,10,10,10,10,10,10],[10,10,10,10,10,10,10,10,10,10,10,11,11,11,11,11,10,10,10,10,10,10,10,10,10,10],[10,10,10,12,110,12,12,12,12,110,12,30,11,31,11,30,12,110,12,12,12,110,12,10,10,10],[10,10,10,11,11,11,11,11,11,11,11,11,11,11,11,11,11,11,11,11,11,11,11,10,10,10],[10,10,10,11,31,11,11,11,11,11,11,11,11,11,11,11,11,11,11,11,11,31,11,10,10,10],[10,10,10,11,11,11,11,11,11,11,11,11,11,11,11,11,11,11,11,11,11,11,11,10,10,10],[10,10,10,10,11,10,10,10,10,19,10,10,10,10,11,10,10,10,10,11,10,10,10,10,10,10],[12,110,12,12,11,12,12,10,10,19,10,10,110,12,11,12,10,12,12,11,12,110,12,10,10,10],[20,21,11,11,11,22,23,10,10,19,10,10,11,11,11,11,10,11,11,11,11,22,23,10,10,10],[11,11,11,11,11,11,11,10,10,19,10,10,11,24,25,11,10,11,11,11,11,11,11,10,10,10],[11,11,11,11,11,11,11,10,10,19,10,10,11,11,11,11,10,11,11,11,11,11,11,10,10,10]];
tileset = "suntemple";
area = "sunTemple2";
areaname = "Sun Temple";
dungeon = "SunTemple";
A_sprites = [{name:"Save Crystal",model:"o_Crystal",x:7,y:32,walkspeed:-1,conv:"c_healingCrystal"},{name:"INTERJECTION",model:"_trigger",x:9,y:34,ExecuteScript:function()
{
   _root.Interjection("Donovan","donovanSTL2","c_A_Donovan");
}},{name:"UP",model:"DOOR8",x:9,y:40,dir:"s",dest:["sunTemple1",23,1]},{name:"DOWN",model:"DOOR8",x:23,y:5,dir:"s",dest:["sunTemple3",6,2]}];
areaLoot = [{x:23,y:23,amount:3,item:"BetterPotion"},{x:3,y:24,amount:1,item:"Really Cold Water"},{x:17,y:39,amount:1,item:"FireOpal"},{x:0,y:39,amount:1,item:"Topaz"},{x:8,y:2,amount:325,type:"gold"}];
foes = MONSTER_TABLES.SUN_TEMPLE;
btlChance = !GameData.plotVars.SUN_WARDSTONE?2:0;
minSteps = 5;
levelrange = MONSTER_LEVELS.SUN_TEMPLE;
musicTrack = "SunTemple";
AreaSetup({WARP:Boolean(GameData.plotVars.DONE_CH3_INTRO)});
