map = [[10,10,10,10,10,10,12,10,10,10,10,10,10],[10,10,10,10,10,10,19,10,10,10,10,10,10],[10,10,10,118,111,13,19,13,111,118,10,10,10],[10,10,112,119,12,12,19,12,12,119,112,10,10],[10,111,113,115,115,30,31,30,115,115,113,111,10],[112,12,115,114,114,11,11,11,114,114,115,12,112],[113,115,114,114,114,11,11,11,114,114,114,115,113],[115,114,114,114,114,30,31,30,114,114,114,114,115],[114,114,114,114,114,11,11,11,114,114,114,114,114],[114,114,114,114,30,11,11,11,30,114,114,114,114],[114,114,114,11,11,11,11,11,11,11,114,114,114],[114,114,30,11,31,11,11,11,31,11,30,114,114],[114,114,11,11,11,120,121,122,11,11,11,114,114],[114,114,11,31,11,130,27,132,11,31,11,114,114],[114,114,11,11,11,140,141,142,11,11,11,114,114],[114,114,30,11,31,11,11,11,31,11,30,114,114],[114,114,115,11,11,11,11,11,11,11,115,114,114],[114,114,114,115,30,11,19,11,30,115,114,114,114],[114,114,114,114,115,115,19,115,115,114,114,114,114],[114,114,114,114,114,114,19,114,114,114,114,114,114],[10,114,114,114,114,114,19,114,114,114,114,114,10],[10,10,114,114,114,114,19,114,114,114,114,10,10],[10,10,10,10,114,114,19,114,114,10,10,10,10],[10,10,10,10,10,10,19,10,10,10,10,10,10],[10,10,10,10,10,10,19,10,10,10,10,10,10],[10,10,10,10,10,10,19,10,10,10,10,10,10]];
tileset = "suntemple";
area = "sunTemple6";
areaname = "Sun Temple - Warding Stone Room";
dungeon = "SunTemple";
A_sprites = [{name:"Warding Stone Pedestal",model:"object",x:6,y:13,type:"examine",conv:"c_ch3objects"},{name:"UP",model:"DOOR8",x:6,y:0,dir:"n",dest:["sunTemple5",6,24]},{name:"DOWN",model:"area_transition",x:6,y:25,dir:"s",dest:["sandcave1",2,2],ARROW:"S"}];
areaLoot = [];
function sunTemple6_WardstoneOn()
{
   var _loc2_ = 12;
   while(_loc2_ < 15)
   {
      var _loc1_ = 5;
      while(_loc1_ < 8)
      {
         map[_loc2_][_loc1_] = map[_loc2_][_loc1_] + (!(_loc1_ == 6 && _loc2_ == 13)?3:1);
         _loc1_ = _loc1_ + 1;
      }
      _loc2_ = _loc2_ + 1;
   }
}
if(GameData.plotVars.SUN_WARDSTONE)
{
   sunTemple6_WardstoneOn();
}
foes = MONSTER_TABLES.SUN_TEMPLE;
btlChance = 0;
minSteps = 5;
levelrange = MONSTER_LEVELS.SUN_TEMPLE;
musicTrack = "SunTemple";
AreaSetup({WARP:Boolean(GameData.plotVars.DONE_CH3_INTRO),clearmap:1});
