map = [[10,10,10,10,10,10,10,138,138,138,10,10,10,10,10,10,10],[10,10,10,10,10,10,128,114,164,114,137,10,10,10,10,10,10],[10,138,138,138,138,138,136,124,120,124,135,138,138,138,138,138,10],[128,111,111,110,110,110,110,134,12,134,110,110,110,130,131,132,137],[128,121,121,120,159,120,120,12,12,12,120,120,159,140,141,142,137],[128,13,11,12,12,12,12,12,12,12,12,12,12,150,151,152,137],[128,12,125,119,12,18,127,139,139,139,127,119,12,18,126,12,137],[128,12,129,110,14,110,129,114,112,114,129,110,14,110,129,12,137],[128,12,129,120,13,120,129,124,122,124,129,120,12,120,129,12,137],[128,12,129,12,13,11,129,134,12,134,129,12,12,12,129,12,137],[128,12,129,12,12,12,129,12,12,12,129,12,12,12,129,12,137],[128,12,135,139,139,139,136,12,12,13,135,139,139,139,136,12,137],[128,12,110,110,110,110,110,12,13,133,110,110,110,110,110,12,137],[128,12,120,120,159,120,120,12,13,133,120,120,159,120,120,12,137],[128,12,12,12,12,12,12,12,12,12,12,12,12,12,12,12,137],[128,110,110,110,110,110,110,110,14,110,110,110,110,110,110,110,137],[128,120,120,120,120,120,120,120,14,120,120,120,120,120,120,120,137],[128,12,12,12,12,12,12,12,12,12,12,12,12,12,12,12,137],[128,12,125,139,139,139,127,119,12,18,127,139,139,139,126,12,137],[128,12,129,110,110,110,129,110,12,110,129,110,110,110,129,12,137],[128,12,118,120,159,120,129,120,14,120,129,120,159,120,118,12,137],[128,12,110,12,12,12,129,12,12,12,129,12,12,12,110,12,137],[128,12,120,11,12,12,129,12,12,12,129,12,12,12,120,12,137],[128,13,133,133,11,12,129,12,12,12,129,12,12,12,12,12,137],[128,143,19,133,133,11,129,12,12,12,129,12,12,12,19,12,137],[128,143,129,12,13,11,137,139,139,139,128,12,12,12,129,12,137],[128,133,135,139,139,139,136,114,112,114,135,139,139,139,136,12,137],[128,133,111,111,111,110,110,124,122,124,110,110,110,110,110,12,137],[128,133,121,121,159,120,120,134,12,134,120,120,159,120,120,12,137],[128,133,133,133,133,11,12,12,12,12,12,12,12,12,12,12,137],[128,111,111,111,111,110,110,110,14,110,110,110,110,110,110,110,137],[128,121,121,121,121,120,120,120,14,120,120,120,120,120,120,120,137],[128,133,133,133,133,11,12,12,12,12,13,133,11,12,12,12,137],[128,11,125,139,139,139,127,119,12,18,127,139,139,139,126,12,137],[128,11,129,110,110,110,129,110,12,110,129,110,110,110,129,11,137],[128,12,118,120,159,120,129,120,14,120,129,120,159,120,118,153,137],[128,12,110,12,12,12,129,12,13,133,129,12,12,12,110,153,137],[128,12,120,12,12,12,129,12,13,133,129,12,13,11,120,153,137],[128,12,12,12,12,12,129,12,12,13,129,12,13,133,133,133,137],[128,12,19,12,12,12,129,12,12,12,129,13,133,133,19,133,137],[128,12,129,12,12,12,137,139,139,139,128,13,133,133,129,153,137],[128,12,135,139,139,139,136,114,112,114,135,139,139,139,136,11,137],[128,12,110,110,110,110,110,124,122,124,110,110,110,110,110,12,137],[128,12,120,120,159,120,120,134,12,134,120,120,159,120,120,12,137],[128,12,12,12,12,12,12,12,12,12,12,12,12,12,12,12,137],[10,127,127,127,127,127,126,12,12,12,125,127,127,127,127,127,10],[10,138,138,138,138,138,138,119,12,18,138,138,138,138,138,138,10],[128,111,110,111,111,111,110,110,12,110,110,110,110,110,110,111,137],[128,121,121,121,120,121,120,120,12,120,120,120,120,120,121,121,137],[128,133,133,133,133,133,11,12,12,12,12,12,12,13,133,133,137],[128,133,125,139,139,139,127,119,12,18,127,139,139,139,126,154,137],[128,155,129,110,110,111,129,110,12,110,129,110,110,110,129,12,137],[128,12,118,120,159,121,129,120,14,120,129,120,159,120,118,12,137],[128,12,110,155,133,133,129,157,147,147,129,12,12,12,110,12,137],[128,12,120,12,155,133,129,157,147,147,129,12,12,12,120,12,137],[128,12,12,12,12,143,129,147,147,147,129,12,12,12,12,12,137],[128,12,19,12,12,155,129,147,147,157,129,12,12,12,19,12,137],[128,12,129,12,12,12,137,139,139,139,128,12,12,12,129,12,137],[128,12,135,139,139,139,136,114,112,114,135,139,139,139,136,12,137],[128,12,110,110,110,110,110,124,122,124,110,110,110,110,110,12,137],[128,12,120,120,159,120,120,134,12,134,120,120,159,120,120,12,137],[128,12,12,12,12,12,12,12,12,12,12,12,12,12,12,12,137],[10,127,127,127,127,127,126,12,12,12,125,127,127,127,127,127,10],[10,10,10,10,10,10,10,126,12,125,10,10,10,10,10,10,10]];
tileset = "temple_EARTH";
area = "Temple_EARTH_D";
areaname = "Earth Temple";
ambience = null;
dungeon = "Temple_EARTH";
ambience = GenericExternalAmbience({ra:80,rb:0,ga:100,gb:0,ba:60,bb:0,aa:100,ab:0});
A_sprites = [{name:"Sealed Door",model:"DOOR4",x:8,y:2,dest:["temple_EARTH_puzzle",7,10],lock:(!DoorsDone.D19?null:"magic")},{name:"S",model:"DOOR4",x:8,y:64,dest:["temple_EARTH_hub",19,11]}];
var trap = [["Golem"],["Niggardly Golem"],[25],"SOLO"];
areaLoot = [{x:4,y:55,amount:1,item:"PhoenixDown",monsters:trap},{x:8,y:55,amount:1,item:"Emerald"},{x:12,y:55,amount:1,item:"Potion",monsters:trap},{x:4,y:38,amount:1,item:"Remedy",monsters:trap},{x:8,y:38,amount:1,item:"Antidote",monsters:trap},{x:12,y:38,amount:3006,type:"gold"},{x:4,y:23,amount:1,item:"Acid Seed"},{x:8,y:23,amount:1,item:"Nightcap",monsters:trap},{x:12,y:23,amount:1,item:"Mugwort",monsters:trap},{x:4,y:10,amount:1,item:"Elf Cap"},{x:8,y:9,amount:1,item:"Liquid Lightning",monsters:trap},{x:12,y:10,amount:1,item:"GreenBeads"}];
foes = MONSTER_TABLES.EARTH_TEMPLE;
btlChance = 5;
minSteps = 5;
levelrange = MONSTER_LEVELS.EARTH_TEMPLE;
musicTrack = "EarthTemple";
TempVars.EarthTemple_HubDoor = ["temple_EARTH_hub",19,11];
DeadTempleCheck();
AreaSetup({WARP:1});
EN_ADD("Places","Earth Temple");
