map = [[10,10,10,10,10,134,142,142,142,135,10,10,10,10,10],[10,10,10,134,142,141,112,112,112,140,142,135,10,10,10],[10,10,134,141,112,112,122,122,122,112,112,140,135,10,10],[10,10,143,112,122,122,20,12,20,122,122,112,132,10,10],[10,10,143,122,20,12,157,158,159,12,20,122,132,10,10],[10,10,143,20,12,12,167,168,169,12,12,20,132,10,10],[10,10,143,11,12,12,177,178,179,12,12,11,132,10,10],[10,10,144,131,11,12,12,12,12,12,11,130,145,10,10],[134,142,142,144,131,20,16,17,18,20,130,145,142,142,135],[143,139,113,132,144,136,16,17,18,146,135,143,113,139,132],[143,139,123,132,143,113,116,117,118,113,132,143,123,139,132],[143,119,129,132,143,123,116,117,118,123,132,143,129,119,132],[143,119,119,132,141,30,16,17,18,30,140,143,119,119,132],[143,119,119,147,113,11,16,17,18,11,113,147,119,119,132],[143,119,119,114,123,20,16,17,18,20,123,114,119,119,132],[143,119,119,14,11,11,16,17,18,11,11,14,119,119,132],[143,119,119,129,129,137,116,117,118,137,129,129,119,119,132],[144,131,119,119,119,138,116,117,118,138,119,119,119,130,145],[10,144,131,119,119,132,131,15,130,143,119,119,130,145,10],[10,10,144,133,133,145,10,10,10,144,133,133,145,10,10]];
tileset = "temple_FIRE";
area = "Temple_FIRE_CR";
areaname = "Fire Temple - Crystal Room";
ambience = null;
dungeon = "FireTemple";
A_sprites = [{name:"EXIT",model:"area_transition",x:7,y:18,dest:["Temple_FIRE_boss",7,3],ARROW:"S"}];
if(!HASPLOTITEM("Fire Crystal of Belfan"))
{
   A_sprites.push({name:"Fire Crystal",elem:"FIRE",model:"ElementalCrystal",walkspeed:-2,FRAME:0,x:7,y:5,conv:"c_crystals"});
}
areaLoot = [];
foes = [];
btlChance = 0;
minSteps = 5;
levelrange = [1,1];
musicTrack = GameData.plotVars.FIRE_CRYSTAL != null?"none":"Crystals";
DeadTempleCheck();
AreaSetup({clearmap:1});
EN_ADD("Places","Fire Temple");
