map = [[10,10,10,10,10,10,10,10,10,10,10,10,10,10,10,10,10,10,10,10,151,132,132,132,152,10,10,10,10,10,10],[10,10,10,10,10,10,10,10,10,10,10,10,10,10,10,10,10,10,10,151,141,157,158,159,142,152,10,10,10,10,10],[151,132,132,132,132,132,152,10,10,10,10,10,10,10,10,10,10,10,151,141,110,167,168,169,110,142,152,10,10,10,10],[131,110,112,112,112,110,133,10,10,10,10,10,10,10,10,10,10,10,131,110,120,177,178,179,120,110,133,10,10,10,10],[131,120,122,122,122,120,142,132,132,132,132,132,132,132,132,132,132,132,141,120,31,187,188,189,31,120,133,10,10,10,10],[131,31,13,13,13,31,111,111,15,111,111,111,15,111,111,111,15,111,111,31,13,17,188,19,13,31,133,10,10,10,10],[131,13,13,13,13,13,121,121,121,121,121,121,121,121,121,121,121,121,121,13,13,17,18,189,13,13,133,10,10,10,10],[131,13,13,13,13,13,11,11,11,11,11,11,11,11,11,11,11,11,11,13,13,177,18,19,13,13,133,10,10,10,10],[131,31,13,13,13,31,143,130,130,130,130,130,130,130,130,130,130,130,140,13,13,17,18,19,13,13,133,10,10,10,10],[150,130,140,11,143,130,153,10,10,10,10,10,10,10,10,10,10,10,150,130,140,17,18,19,143,130,153,10,10,10,10],[10,10,131,11,133,10,10,10,132,132,132,10,10,10,10,10,10,10,10,10,131,17,18,19,133,10,10,10,10,10,10],[10,10,131,11,133,10,10,141,112,112,112,142,10,10,10,10,10,10,10,10,131,17,18,19,133,10,10,10,10,10,10],[10,10,131,11,142,132,141,110,122,122,122,110,142,132,10,10,10,10,10,10,131,17,18,19,133,10,10,10,10,10,10],[10,10,131,11,111,15,111,120,17,18,19,120,111,111,133,10,10,10,10,10,131,17,18,19,133,10,10,10,10,10,10],[10,10,131,11,121,121,121,11,17,18,19,11,121,121,133,10,10,10,10,10,131,17,18,19,133,10,10,10,10,10,10],[10,10,131,11,11,11,11,11,11,11,11,11,11,11,133,10,10,10,10,10,131,17,18,19,133,10,10,10,10,10,10],[10,10,131,11,143,130,130,130,130,130,130,130,140,11,133,10,10,10,10,10,131,17,18,19,133,10,10,10,10,10,10],[10,10,131,11,133,10,10,10,10,10,10,10,131,11,133,10,10,10,10,10,131,17,18,19,133,10,10,10,10,10,10],[10,10,131,11,133,10,10,10,10,10,10,10,131,11,133,10,10,10,10,10,131,17,18,19,133,10,10,10,10,10,10],[10,10,131,11,133,10,10,10,10,10,10,151,141,11,133,10,10,10,151,132,141,17,18,19,142,132,152,10,10,10,10],[10,10,131,11,133,10,10,10,10,10,151,141,111,11,133,10,151,132,141,110,110,17,18,19,110,110,142,132,152,10,10],[10,10,131,11,133,10,10,10,10,10,131,111,121,11,133,10,131,110,110,120,120,17,18,19,120,120,110,110,133,10,10],[10,10,131,11,133,10,10,10,10,10,131,121,11,11,133,151,141,120,120,11,11,17,18,19,11,11,120,120,142,152,10],[10,10,131,11,133,10,10,10,10,10,131,11,11,143,153,131,110,11,11,11,11,11,11,11,11,11,11,11,110,133,10],[10,10,131,11,133,10,10,10,10,10,131,11,143,153,10,131,120,11,11,143,130,130,130,130,130,140,11,11,120,133,10],[10,10,131,11,133,151,132,132,132,152,131,11,133,10,10,131,11,11,143,153,151,132,132,132,152,150,140,11,11,133,10],[10,10,131,11,133,131,110,112,110,133,131,11,133,10,151,141,11,11,133,10,131,110,113,110,133,10,131,11,11,142,152],[10,10,131,11,133,131,120,122,120,133,131,11,133,10,131,110,11,11,133,151,141,120,123,120,142,152,131,11,11,110,133],[10,10,131,11,133,131,31,13,31,133,131,11,133,10,131,120,11,11,133,141,110,117,118,119,110,142,131,11,11,120,133],[10,10,131,11,133,131,13,13,13,133,131,11,133,10,131,11,11,143,131,110,120,117,118,119,120,110,133,140,11,11,133],[10,10,131,11,133,131,13,13,13,133,131,11,133,10,131,11,11,133,131,120,14,17,18,19,14,120,133,131,11,11,133],[10,10,131,11,133,150,140,13,143,153,131,11,133,10,131,11,11,133,131,14,114,17,18,19,114,14,133,131,11,11,133],[10,10,131,11,133,10,131,13,133,10,131,11,133,10,131,11,11,133,131,114,114,17,18,19,114,114,133,131,11,11,133],[10,10,131,11,142,132,141,13,142,132,141,11,133,10,131,11,11,133,131,114,114,17,18,19,114,114,133,131,11,11,133],[10,10,131,11,111,15,111,13,111,15,111,11,133,10,131,11,11,142,131,114,114,17,18,19,114,114,133,141,11,11,133],[10,10,131,11,121,121,121,13,121,121,121,11,133,10,131,11,11,110,142,134,130,140,13,143,130,134,141,110,11,11,133],[10,10,131,11,11,11,11,11,11,11,11,11,133,10,131,11,11,120,110,110,142,141,13,142,141,110,110,120,11,11,133],[10,10,131,11,11,30,11,11,11,30,11,11,133,10,131,11,11,11,120,120,15,110,13,110,15,120,120,11,11,11,133],[10,10,131,11,11,11,11,11,11,11,11,11,133,10,150,140,11,11,11,11,121,120,13,120,121,11,11,11,11,143,153],[10,10,131,11,11,11,11,11,11,11,11,11,133,10,10,150,140,11,11,11,11,30,11,30,11,11,11,11,143,153,10],[10,10,150,130,130,130,130,130,130,130,130,130,153,10,10,10,150,130,140,11,11,11,11,11,11,11,143,130,153,10,10],[10,10,10,10,10,10,10,10,10,10,10,10,10,10,10,10,10,10,150,130,130,130,130,130,130,130,153,10,10,10,10]];
tileset = "temple_DARK";
area = "Temple_Dark_1";
areaname = "Dark Temple";
ambience = {ra:90,rb:0,ga:60,gb:0,ba:100,bb:0,aa:100,ab:0};
dungeon = "DarkTemple";
A_sprites = [{name:"INTERJECTION",model:"_trigger",x:22,y:3,ExecuteScript:function()
{
   _root.Interjection("Mardek","ch3darktemple1","c_ch3_interject");
}},{name:"UP",model:"DOOR11",x:22,y:2,dest:["goldfish_exitbay",7,16]},{name:"EXIT",model:"DOOR10",x:22,y:27,dir:"s",dest:["Temple_Dark_hub",7,13]}];
areaLoot = [{x:9,y:13,amount:1,item:"Liquid Lightning"},{x:7,y:28,amount:1,item:"Silver Spear"}];
foes = MONSTER_TABLES.DARK_TEMPLE;
btlChance = 3;
minSteps = 5;
levelrange = MONSTER_LEVELS.DARK_TEMPLE;
musicTrack = "DarkTemple";
DeadTempleCheck();
AreaSetup({LOOT:2,WARP:Boolean(GameData.plotVars.DONE_CH3_INTRO)});
EN_ADD("Places","Dark Temple");
