map = [[10,10,10,10,10,10,10,138,138,138,10,10,10,10,10,10,10],[10,10,10,10,10,10,128,111,164,111,137,10,10,10,10,10,10],[10,10,10,10,10,138,136,121,120,121,135,138,10,10,10,10,10],[10,10,10,10,128,113,114,15,16,17,114,112,137,10,10,10,10],[10,10,10,10,128,122,124,15,16,17,124,122,137,10,10,10,10],[10,10,10,10,128,12,134,15,16,17,134,12,137,10,10,10,10],[10,10,10,10,128,12,12,15,16,17,12,12,137,10,10,10,10],[10,138,138,138,136,12,30,15,16,17,30,12,135,138,138,138,10],[128,120,114,120,114,12,12,15,16,17,12,12,114,111,114,120,137],[128,120,124,120,124,12,31,15,16,17,30,12,124,121,124,120,137],[128,159,124,159,124,111,111,115,116,117,111,111,124,159,124,159,137],[128,120,124,120,124,121,121,115,116,117,121,121,124,120,124,120,137],[128,12,134,12,134,12,12,15,16,17,12,12,134,12,134,12,137],[128,12,12,12,12,12,12,15,16,17,12,145,144,144,146,12,137],[128,12,125,127,126,12,12,12,12,12,145,133,125,127,126,12,137],[128,145,137,10,128,120,112,120,14,120,111,111,137,10,128,12,137],[128,156,137,10,128,120,122,120,14,120,123,121,137,10,128,12,137],[128,12,137,10,128,157,157,157,147,147,157,157,137,10,128,12,137],[128,146,137,10,128,157,157,147,147,147,147,157,137,10,128,12,137],[128,133,137,10,128,157,147,147,147,147,157,147,137,10,128,12,137],[128,133,137,10,128,147,147,157,147,147,147,147,137,10,128,12,137],[128,133,135,138,128,147,147,147,147,147,147,147,137,138,136,12,137],[128,133,114,120,137,126,147,147,147,147,147,125,128,120,114,12,137],[128,133,124,159,137,128,147,147,147,147,147,137,128,159,124,12,137],[128,156,134,12,137,128,157,147,147,147,157,137,128,12,134,12,137],[128,12,12,12,137,128,157,157,147,147,147,137,128,12,12,12,137],[10,127,126,12,137,128,157,157,147,147,147,137,128,12,125,127,10],[10,10,128,12,137,10,127,126,147,125,127,10,128,12,137,10,10],[10,10,128,12,137,10,10,128,147,137,10,10,128,12,137,10,10],[10,10,128,12,135,138,138,128,147,137,138,138,136,12,137,10,10],[10,10,128,12,114,113,114,129,147,129,114,112,114,12,137,10,10],[10,10,128,12,124,123,124,129,147,129,124,122,124,12,137,10,10],[10,10,128,12,134,12,134,118,147,118,134,12,134,12,137,10,10],[10,10,128,12,12,12,12,114,147,114,145,144,146,12,137,10,10],[10,10,128,12,12,12,12,124,147,124,133,133,133,146,137,10,10],[10,10,128,12,30,120,120,124,147,124,111,111,31,13,137,10,10],[10,10,128,12,19,120,159,124,147,124,159,121,19,133,137,10,10],[10,10,128,12,129,157,157,165,147,165,147,147,129,133,137,10,10],[10,10,128,12,129,157,157,147,147,147,157,147,129,133,137,10,10],[10,138,136,12,129,157,147,147,147,147,147,147,129,133,135,138,10],[128,110,114,12,129,157,157,147,147,147,147,147,129,156,114,110,137],[128,159,124,12,129,157,147,147,147,157,147,157,129,12,124,159,137],[128,12,134,12,129,157,147,147,147,147,147,157,129,12,134,12,137],[128,12,12,12,129,157,147,147,147,147,157,157,129,12,12,12,137],[128,12,125,127,10,127,126,147,147,147,125,127,10,127,126,12,137],[128,12,137,10,10,10,128,147,147,157,137,10,10,10,128,12,137],[128,12,137,10,10,10,128,147,147,157,137,10,10,10,128,12,137],[128,12,137,138,138,138,138,126,147,125,138,138,138,138,128,12,137],[128,12,129,114,112,113,114,129,147,129,114,113,112,114,129,12,137],[128,12,129,124,122,122,124,129,147,129,124,123,122,124,129,12,137],[128,12,129,134,12,12,134,129,147,129,134,12,12,134,129,12,137],[128,12,129,12,12,12,12,129,147,129,12,12,12,12,129,12,137],[128,12,129,13,146,12,12,129,147,129,12,12,12,145,129,12,137],[128,11,129,13,153,12,12,118,147,118,12,12,145,153,129,12,137],[128,133,129,13,133,146,12,114,147,114,12,12,155,11,129,12,137],[128,133,129,12,30,13,146,124,147,124,12,12,30,12,129,12,137],[128,133,129,145,19,111,111,124,147,124,112,113,19,12,129,12,137],[128,155,129,155,129,121,123,124,147,124,122,122,129,12,129,12,137],[128,12,118,13,129,158,157,165,147,165,147,147,129,12,118,12,137],[128,12,114,12,129,157,157,157,147,147,157,147,129,12,114,12,137],[128,12,124,12,129,157,157,147,147,147,147,147,129,12,124,12,137],[128,12,134,12,129,157,147,147,147,147,147,147,129,12,134,12,137],[128,12,12,12,129,147,147,147,147,147,157,147,129,12,12,12,137],[10,127,127,127,10,127,127,126,147,125,127,127,10,127,127,127,10]];
tileset = "temple_EARTH";
area = "Temple_EARTH_B";
areaname = "Earth Temple";
ambience = null;
dungeon = "Temple_EARTH";
ambience = GenericExternalAmbience({ra:80,rb:0,ga:100,gb:0,ba:60,bb:0,aa:100,ab:0});
A_sprites = [{name:"Sealed Door",model:"DOOR4",x:8,y:2,dest:["temple_EARTH_puzzle",7,10],lock:(!DoorsDone.D7?null:"magic")},{name:"S",model:"DOOR4",x:8,y:64,dest:["temple_EARTH_hub",7,11]}];
areaLoot = [{x:5,y:33,amount:1,item:"Emerald Bangle"},{x:11,y:33,amount:1,item:"Sapphire Bangle"},{x:5,y:51,amount:5,item:"Earth Essence"},{x:4,y:51,amount:1,item:"Talisman of KROGHMM"},{x:12,y:51,amount:1,item:"Sheet Music III"},{x:11,y:51,amount:3,item:"Jade"}];
foes = MONSTER_TABLES.EARTH_TEMPLE;
btlChance = 5;
minSteps = 5;
levelrange = MONSTER_LEVELS.EARTH_TEMPLE;
musicTrack = "EarthTemple";
TempVars.EarthTemple_HubDoor = ["temple_EARTH_hub",7,11];
DeadTempleCheck();
AreaSetup({WARP:1});
EN_ADD("Places","Earth Temple");
