map = [[134,142,142,142,142,142,142,142,142,142,135],[143,113,112,112,113,114,113,112,112,113,132],[143,123,122,122,123,124,123,122,122,123,132],[143,30,11,11,16,17,18,11,11,30,132],[143,129,11,20,16,17,18,20,11,129,132],[143,119,11,11,16,17,18,11,11,119,132],[143,119,11,11,16,17,18,11,11,119,132],[143,119,30,11,16,17,18,11,30,119,132],[143,119,11,11,16,17,18,11,11,119,132],[143,119,11,11,16,17,18,11,11,119,132],[143,119,11,11,16,17,18,11,11,119,132],[143,119,11,20,16,17,18,20,11,119,132],[143,119,30,11,16,17,18,11,30,119,132],[143,119,11,11,16,17,18,11,11,119,132],[143,119,11,11,16,17,18,11,11,119,132],[143,119,11,11,16,17,18,11,11,119,132],[143,119,11,11,16,17,18,11,11,119,132],[143,119,30,11,16,17,18,11,30,119,132],[143,119,11,11,16,17,18,11,11,119,132],[143,119,11,20,16,17,18,20,11,119,132],[143,119,11,11,16,17,18,11,11,119,132],[143,119,11,11,16,17,18,11,11,119,132],[143,119,30,11,16,17,18,11,30,119,132],[143,119,11,11,16,17,18,11,11,119,132],[143,119,11,11,16,17,18,11,11,119,132],[143,119,11,11,16,17,18,11,11,119,132],[143,119,11,20,16,17,18,20,11,119,132],[143,119,30,11,11,11,11,11,30,119,132],[144,133,133,133,131,15,130,133,133,133,145],[10,10,10,10,144,133,145,10,10,10,10]];
tileset = "temple_FIRE";
area = "Temple_FIRE_2";
areaname = "Fire Temple";
ambience = null;
dungeon = "FireTemple";
A_sprites = [{name:"N",model:"DOOR12",x:5,y:2,dest:["Temple_FIRE_ante",6,10]},{name:"S",model:"area_transition",x:5,y:28,dest:["Temple_FIRE_1",7,3],ARROW:"S"}];
areaLoot = [];
foes = MONSTER_TABLES.FIRE_TEMPLE;
btlChance = 3;
minSteps = 5;
levelrange = MONSTER_LEVELS.FIRE_TEMPLE;
musicTrack = "FireTemple";
DeadTempleCheck();
AreaSetup({WARP:1,clearmap:1});
EN_ADD("Places","Fire Temple");
