map = [[10,151,132,132,132,132,132,132,132,132,132,132,132,132,132,132,132,132,132,132,132,132,132,132,132,132,132,132,132,152,10],[10,131,12,12,12,12,12,12,12,12,12,12,12,12,12,12,12,12,12,12,12,12,12,12,12,12,12,12,12,133,10],[10,131,13,13,13,13,13,13,13,13,13,13,13,13,13,13,13,13,13,13,13,13,13,13,13,13,13,13,13,133,10],[10,131,13,143,130,130,130,130,130,130,130,130,130,130,154,13,144,130,130,130,130,130,130,130,130,130,130,140,13,133,10],[151,141,13,142,152,10,10,10,10,10,10,10,151,141,112,13,112,142,152,10,10,10,10,10,10,10,151,141,13,142,152],[131,110,13,110,133,10,10,10,10,10,151,132,141,15,122,13,122,15,142,132,152,10,10,10,10,10,131,110,13,110,133],[131,120,13,120,133,10,10,10,10,10,131,112,110,121,13,13,13,121,110,112,133,10,10,10,10,10,131,120,13,120,133],[131,13,13,13,133,10,10,10,10,10,131,122,120,13,31,13,31,13,120,122,133,10,10,10,10,10,131,13,13,13,133],[131,13,13,13,133,10,10,10,151,132,141,13,13,13,13,13,13,13,13,13,142,132,152,10,10,10,131,13,13,13,133],[131,31,13,31,142,152,10,151,141,112,110,13,144,140,13,13,13,143,154,13,110,112,142,152,10,151,141,31,13,31,133],[131,14,14,14,110,133,10,131,15,122,120,13,15,133,130,130,130,131,15,13,120,122,15,133,10,131,110,13,13,13,133],[131,114,114,114,120,142,132,141,121,13,13,13,121,133,10,10,10,131,121,13,13,13,121,142,132,141,120,13,13,13,133],[131,13,13,13,13,12,12,12,13,31,13,13,13,133,151,132,152,131,13,13,13,31,13,12,12,12,13,13,13,13,133],[131,13,13,13,13,13,13,13,13,13,13,13,13,133,141,113,142,131,13,13,13,13,13,13,13,13,13,13,13,13,133],[131,13,13,13,13,143,130,140,13,31,13,13,144,141,110,123,110,142,154,13,13,31,13,143,130,140,13,13,13,13,133],[131,31,13,31,143,10,10,150,140,13,13,13,110,15,120,115,120,15,110,13,13,13,143,153,10,150,140,31,13,31,133],[131,13,13,13,133,10,10,10,150,130,140,13,120,121,13,13,13,121,120,13,143,130,153,10,10,10,131,13,13,13,133],[131,13,13,13,133,10,10,10,10,10,131,13,13,13,13,13,13,13,13,13,133,10,10,10,10,10,131,13,13,13,133],[150,140,13,143,153,10,10,10,10,10,131,13,13,13,13,13,13,13,13,13,133,10,10,10,10,10,150,140,115,143,153],[10,131,115,142,132,132,132,132,132,152,150,130,140,13,31,13,31,13,143,130,153,10,10,10,10,10,10,131,115,133,10],[10,131,115,12,12,12,12,12,12,133,10,10,10,140,13,13,13,143,153,10,10,151,132,132,132,132,152,131,115,133,10],[10,131,13,13,13,13,13,13,13,133,10,10,10,10,140,13,143,153,10,10,10,131,15,112,112,15,133,131,115,133,10],[10,150,130,130,130,130,130,140,115,133,10,10,10,10,131,13,133,10,10,10,10,131,121,122,122,121,133,131,115,133,10],[10,10,10,10,10,10,10,131,13,133,10,10,151,132,141,13,142,132,152,10,10,131,13,13,13,13,142,141,115,133,10],[10,151,132,132,132,132,132,141,13,133,10,10,131,15,110,13,110,15,133,10,10,131,13,13,13,13,12,12,115,133,10],[10,131,12,12,12,12,12,12,115,133,10,10,131,121,120,13,120,121,133,10,10,131,13,13,13,13,13,13,13,133,10],[10,131,13,13,13,13,13,13,13,133,10,10,131,13,31,13,31,13,142,132,132,131,13,13,13,13,143,130,130,153,10],[10,131,115,143,130,130,130,130,130,153,10,10,131,17,18,18,18,19,110,110,110,133,130,130,130,130,153,10,10,10,10],[10,131,13,133,10,10,10,10,10,10,10,10,131,17,18,18,18,19,120,120,120,133,10,10,10,151,132,132,132,152,10],[10,131,13,142,132,132,132,132,132,152,10,10,131,17,18,18,18,19,18,18,19,133,10,10,10,131,110,112,110,133,10],[10,131,115,12,12,12,12,12,12,133,10,10,131,17,18,18,18,19,18,18,19,133,10,10,10,131,120,122,120,133,10],[10,131,13,13,13,13,13,13,13,133,10,10,150,130,130,130,140,17,18,18,19,133,10,10,10,131,31,13,31,133,10],[10,150,130,130,130,130,130,140,115,133,10,151,132,132,132,152,131,13,13,13,13,133,10,10,10,131,13,13,13,133,10],[10,151,132,132,132,132,132,141,13,133,151,141,112,112,112,142,131,13,13,13,13,133,10,10,10,131,13,13,13,133,10],[10,131,12,12,12,12,12,12,115,133,131,15,122,122,122,15,135,13,31,13,31,133,10,10,10,131,13,13,13,133,10],[10,131,13,13,13,13,13,13,13,133,131,121,17,18,19,121,133,130,140,115,143,153,10,10,10,150,140,115,143,153,10],[10,131,115,143,130,130,130,130,130,153,131,13,17,18,19,13,133,10,131,115,142,132,132,132,132,132,141,115,133,10,10],[10,131,13,133,10,10,10,10,10,10,131,13,17,18,19,13,133,10,131,115,12,12,12,12,12,12,12,115,133,10,10],[10,131,13,142,132,132,132,132,132,132,141,13,14,14,14,14,133,10,131,13,13,13,13,13,13,13,13,13,133,10,10],[10,131,115,12,12,12,12,12,12,12,12,13,114,114,114,114,133,10,150,130,130,130,130,130,130,130,130,130,153,10,10],[10,131,13,13,13,13,13,13,13,13,13,13,114,114,114,114,133,10,10,10,10,10,10,10,10,10,10,10,10,10,10],[10,150,130,130,130,130,130,130,130,130,130,130,130,130,130,130,153,10,10,10,10,10,10,10,10,10,10,10,10,10,10]];
tileset = "temple_DARK";
area = "Temple_Dark_2";
areaname = "Dark Temple";
ambience = {ra:90,rb:0,ga:60,gb:0,ba:100,bb:0,aa:100,ab:0};
dungeon = "DarkTemple";
A_sprites = [{name:"EXIT",model:"DOOR10",x:15,y:14,dir:"s",dest:["Temple_Dark_hub",25,13]}];
areaLoot = [{x:2,y:9,amount:1,item:"Onyx"},{x:23,y:24,amount:1,item:"Noxious Bomb"},{x:13,y:35,amount:1,item:"Dark Robe"},{x:27,y:31,amount:1,item:"PhoenixDown"}];
foes = MONSTER_TABLES.DARK_TEMPLE;
btlChance = 3;
minSteps = 5;
levelrange = MONSTER_LEVELS.DARK_TEMPLE;
musicTrack = "DarkTemple";
DeadTempleCheck();
AreaSetup({LOOT:2,WARP:Boolean(GameData.plotVars.DONE_CH3_INTRO)});
