map = [[10,10,10,10,151,132,132,132,132,132,132,132,132,132,132,132,132,132,132,132,152,10,10,10,10,151,132,132,132,152,10],[10,10,10,10,131,111,111,110,111,111,111,111,110,111,111,111,111,110,111,111,133,10,10,10,151,141,110,113,110,142,152],[10,10,10,10,131,121,121,120,121,121,121,121,120,121,121,121,121,120,121,121,133,10,10,10,131,15,120,123,120,15,133],[10,10,10,10,131,30,11,11,14,14,14,14,14,14,14,14,14,11,11,30,133,10,10,10,131,121,30,13,30,121,133],[10,10,10,10,131,11,11,11,11,11,11,11,11,11,11,11,11,11,11,11,133,10,10,10,131,11,11,13,11,11,133],[10,10,10,10,131,11,11,11,14,14,14,14,14,14,14,14,14,11,11,11,133,10,10,10,131,11,11,13,11,11,133],[10,10,10,10,131,30,11,11,114,114,114,114,114,114,114,114,114,11,11,30,133,10,10,10,131,11,11,13,11,11,133],[10,10,10,10,150,140,11,143,130,130,130,130,130,130,130,130,130,140,11,143,153,10,10,10,150,140,30,13,30,143,153],[10,10,10,10,10,131,11,133,10,10,10,10,10,10,10,10,10,131,11,133,10,10,10,10,10,131,11,13,11,133,10],[10,10,10,151,132,141,11,142,132,152,10,10,10,10,10,10,10,131,11,133,10,10,10,10,10,131,11,13,11,133,10],[10,10,10,131,112,112,11,112,112,133,10,10,10,10,10,10,10,131,11,133,10,10,10,10,10,131,30,13,30,133,10],[10,10,10,131,122,122,11,122,122,133,10,10,10,10,10,10,10,131,11,133,10,10,10,10,10,131,11,13,11,133,10],[10,10,10,131,13,13,13,13,13,133,10,10,10,10,10,10,10,131,11,142,132,132,132,132,132,141,11,13,11,133,10],[151,132,132,141,13,14,14,14,13,142,132,132,152,10,10,10,10,131,11,110,15,112,112,112,15,110,30,13,30,133,10],[131,12,12,12,13,114,114,114,13,12,12,12,133,10,10,10,10,131,11,121,121,122,122,122,121,121,11,13,11,133,10],[131,11,11,11,13,114,114,114,13,11,11,11,133,10,10,10,10,131,11,17,18,18,18,18,18,19,11,13,11,133,10],[131,115,143,140,13,13,13,13,13,143,140,11,133,10,10,10,10,131,11,17,18,18,18,18,18,19,11,13,11,133,10],[131,11,133,150,130,130,130,130,130,153,131,11,133,10,10,10,10,131,11,17,18,18,18,18,18,19,11,11,11,133,10],[131,11,133,10,10,10,10,10,10,10,131,11,133,10,10,10,10,131,11,143,130,130,130,130,130,130,130,130,130,153,10],[131,11,133,10,10,10,10,10,10,10,131,11,133,10,10,10,10,131,11,133,10,10,10,10,10,10,10,10,10,10,10],[131,115,133,10,10,10,10,10,10,10,131,11,133,10,10,10,10,131,11,133,10,10,10,10,10,10,10,10,10,10,10],[131,11,133,151,132,132,132,152,10,10,131,11,133,10,10,10,151,141,11,142,152,10,10,10,10,10,10,10,10,10,10],[131,11,133,131,110,110,110,133,10,10,131,11,133,10,10,10,131,112,11,112,133,10,10,10,10,10,10,10,10,10,10],[131,11,142,141,120,120,120,133,10,151,141,11,142,152,10,10,131,122,11,122,133,10,10,10,10,151,132,132,132,132,152],[131,115,12,12,31,13,31,133,10,131,110,11,110,133,10,10,131,17,18,19,133,10,10,10,10,131,15,110,110,15,133],[131,13,13,13,13,13,13,133,10,131,120,11,120,133,10,10,131,17,18,19,133,10,10,10,10,131,121,120,120,121,133],[150,130,130,140,13,13,13,133,10,131,13,13,13,133,10,10,131,17,18,19,133,10,10,10,10,131,11,11,11,11,133],[10,10,10,150,130,130,130,153,10,131,13,13,13,133,10,10,150,140,13,143,153,10,10,10,10,131,11,11,11,11,133],[10,10,10,10,151,132,132,132,152,131,13,13,13,133,10,10,151,141,13,142,152,10,10,10,10,131,11,11,11,11,133],[10,10,10,10,131,110,110,110,133,150,140,11,143,153,10,10,131,110,13,110,133,10,10,10,10,131,115,143,140,11,133],[151,132,132,132,141,120,120,120,142,132,141,11,133,10,10,10,131,120,13,120,133,10,10,10,10,131,115,133,131,11,133],[131,110,110,110,110,30,11,30,12,12,12,11,133,10,10,151,141,31,13,31,142,152,10,10,151,141,11,142,131,11,133],[131,120,120,120,120,11,11,11,11,11,11,11,133,10,10,131,111,13,13,13,111,133,10,10,131,110,115,110,135,11,133],[131,11,11,11,11,11,11,11,143,130,130,130,153,10,10,131,121,13,13,13,121,133,10,10,131,120,115,120,135,11,133],[131,30,11,11,30,143,130,130,153,10,10,10,10,10,10,131,31,13,13,13,31,133,10,10,131,30,11,30,135,11,133],[131,11,11,11,11,133,10,10,10,10,10,10,10,10,10,131,13,13,13,13,13,133,10,10,131,11,11,11,135,11,133],[131,11,11,11,11,133,10,10,10,10,10,10,10,10,10,131,13,13,13,13,13,133,10,10,131,11,11,11,135,11,133],[131,30,11,11,30,133,10,10,10,10,10,10,10,10,10,150,140,13,13,13,143,153,10,10,10,130,130,130,131,11,133],[131,11,11,11,11,142,132,132,132,132,132,132,132,132,132,132,132,154,115,144,132,132,132,132,132,132,132,132,141,11,133],[131,11,11,11,11,12,12,12,12,12,12,12,12,12,12,12,12,12,115,12,12,12,12,12,12,12,12,12,12,11,133],[131,30,11,11,11,11,11,11,11,11,11,11,11,11,11,11,11,11,11,11,11,11,11,11,11,11,11,11,11,11,133],[150,130,130,130,130,130,130,130,130,130,130,130,130,130,130,130,130,130,130,130,130,130,130,130,130,130,130,130,130,130,153]];
tileset = "temple_DARK";
area = "Temple_Dark_3";
areaname = "Dark Temple";
ambience = {ra:90,rb:0,ga:60,gb:0,ba:100,bb:0,aa:100,ab:0};
dungeon = "DarkTemple";
A_sprites = [{name:"Molestor",model:"ch3bosses",x:18,y:31,walkspeed:-1,dir:"e",Static:true,elem:"DARK",BOSSCODE:"Molestor1",conv:[["norm","<<demon>>Neeeeeeeheeheeheehee... Children... You do not belooooong heeeererererere...!"],Do = function()
{
   BATTLE([["Molestor",null,null,null],["Molestor",null,null,null],[20,null,null,null],"SOLO"],"battle",true,true);
   return 1;
}]},{name:"Blue Keystone",model:"object",x:18,y:25,type:"switch_orb",colour:"sapphire",base:"gold",conv_action:1},{name:"Blue Gate",model:"object",x:18,y:20,type:"switch_gate",colour:"sapphire"},{name:"EXIT",model:"DOOR10",x:27,y:2,dir:"s",dest:["Temple_Dark_hub",6,23]}];
areaLoot = [{x:26,y:35,amount:1,item:"Black Hat"},{x:5,y:24,amount:1,item:"Talisman of SHUMBRA"}];
foes = MONSTER_TABLES.DARK_TEMPLE;
btlChance = 3;
minSteps = 5;
levelrange = MONSTER_LEVELS.DARK_TEMPLE;
musicTrack = "DarkTemple";
DeadTempleCheck();
AreaSetup({LOOT:2,DARK:true,WARP:Boolean(GameData.plotVars.DONE_CH3_INTRO)});
