map = [[10,10,10,10,10,10,138,138,138,10,10,10,10,10,10],[10,10,10,138,138,136,112,164,112,135,138,138,10,10,10],[10,10,128,114,113,114,123,120,122,114,112,114,137,10,10],[10,10,128,124,123,124,15,16,17,124,122,124,137,10,10],[10,10,136,134,12,134,15,16,17,134,12,134,135,10,10],[10,128,110,146,12,12,115,116,117,12,12,13,110,137,10],[10,128,159,153,12,30,161,162,163,31,12,13,159,137,10],[10,128,133,133,146,12,171,172,173,12,12,12,13,137,10],[10,136,155,154,156,12,181,182,183,12,12,12,12,135,10],[128,111,12,12,12,12,12,12,12,12,12,12,12,110,137],[128,159,14,14,120,120,12,12,12,120,120,14,14,159,137],[128,158,147,147,147,157,31,12,30,147,147,147,147,147,137],[128,147,147,147,157,157,19,12,19,147,147,157,147,158,137],[128,170,170,170,170,170,129,12,129,170,170,170,170,170,137],[10,127,127,127,127,127,128,12,137,127,127,127,127,127,10]];
tileset = "temple_EARTH";
area = "Temple_EARTH_1";
areaname = "Earth Temple";
ambience = null;
dungeon = "Temple_EARTH";
ambience = GenericExternalAmbience({ra:80,rb:0,ga:100,gb:0,ba:60,bb:0,aa:100,ab:0});
A_sprites = [{name:"N",model:"DOOR4",x:7,y:2,dest:["temple_EARTH_2",14,49]},{name:"S",model:"BIGDOOR4",x:7,y:15,dest:["lifewood_temple",8,6]}];
areaLoot = [];
foes = MONSTER_TABLES.EARTH_TEMPLE;
btlChance = 5;
minSteps = 5;
levelrange = MONSTER_LEVELS.EARTH_TEMPLE;
musicTrack = "EarthTemple";
DeadTempleCheck();
AreaSetup({WARP:1,clearmap:1});
EN_ADD("Places","Earth Temple");
