map = [[10,10,10,10,10,10,10,10,10,10,10,10,10,10,10,10,10,10,10,10,10,10,10,10,13,10,10,10,10,10],[10,10,10,10,10,10,10,10,10,10,10,10,10,10,10,10,10,10,10,10,10,10,10,16,112,14,10,10,10,10],[10,10,10,10,10,10,10,10,10,10,10,10,10,10,10,10,10,10,10,10,10,10,10,16,111,14,10,10,10,10],[10,10,10,10,10,10,10,10,13,13,13,10,10,10,10,10,10,10,10,10,10,10,10,16,111,14,10,10,10,10],[10,10,10,10,10,10,10,16,12,12,12,14,10,10,10,10,10,10,10,10,10,10,10,110,111,14,10,10,10,10],[10,10,10,10,10,10,10,110,20,11,20,14,10,10,10,10,10,10,10,10,10,10,110,116,11,14,10,10,10,10],[10,10,10,10,10,10,16,116,11,11,11,17,13,10,10,10,10,10,10,10,10,110,116,11,11,14,10,10,10,10],[10,10,10,10,10,13,110,20,11,20,11,117,12,14,10,10,10,10,10,10,110,116,11,11,18,10,10,10,10,10],[10,10,10,10,16,12,116,11,11,11,11,20,128,17,10,10,10,10,10,16,116,128,11,11,14,10,10,10,10,10],[10,10,10,10,16,128,11,11,11,11,11,11,11,117,14,10,10,10,10,16,111,111,11,11,14,10,10,10,10,10],[10,10,10,10,16,20,11,123,120,120,124,11,11,128,14,10,10,10,10,16,111,111,111,111,14,10,10,10,10,10],[10,10,10,10,16,11,11,119,118,118,118,124,11,20,17,10,10,10,10,110,11,11,111,111,14,10,10,10,10,10],[10,10,10,10,16,11,11,119,118,118,118,121,11,11,117,14,10,10,16,116,11,11,11,128,14,10,10,10,10,10],[10,10,10,10,110,11,11,119,118,118,118,121,11,11,11,14,10,10,16,128,11,11,11,11,14,10,10,10,10,10],[10,10,10,110,116,11,11,119,118,118,118,118,120,124,11,17,10,10,16,11,11,11,11,11,14,10,10,10,10,10],[10,10,16,116,11,11,123,118,118,118,118,118,118,121,11,117,14,10,10,19,111,111,111,18,10,10,10,10,10,10],[10,10,16,128,11,11,119,118,118,118,118,118,118,121,11,11,17,10,10,110,11,11,11,14,10,10,10,10,10,10],[10,10,110,11,11,20,119,118,118,118,118,118,118,118,124,11,117,129,129,116,124,11,18,10,10,10,10,10,10,10],[10,110,116,11,11,123,118,118,118,118,118,118,118,118,121,11,123,129,129,120,121,11,14,10,10,10,10,10,10,10],[16,116,11,11,11,119,118,118,118,118,118,118,118,122,125,11,119,118,118,118,121,11,14,10,10,10,10,10,10,10],[16,11,11,11,123,118,118,118,118,118,118,118,125,11,11,11,119,118,118,118,121,11,14,10,10,10,10,10,10,10],[16,11,11,123,118,118,118,118,118,118,118,125,20,11,11,11,119,118,118,118,121,11,17,13,10,10,10,10,10,10],[10,15,19,119,118,118,118,118,122,122,125,11,11,11,11,11,119,118,118,118,121,11,117,12,17,10,10,10,10,10],[10,10,16,119,118,118,122,125,11,20,11,11,11,11,11,11,126,122,118,118,121,11,11,11,117,17,10,10,10,10],[10,10,16,126,118,121,128,20,11,11,11,11,11,11,11,11,11,20,126,122,125,11,11,11,20,117,14,10,10,10],[10,10,10,19,126,125,11,11,11,11,11,11,11,11,11,11,11,11,11,11,11,11,11,11,11,128,14,10,10,10],[10,10,10,10,15,19,11,11,11,11,11,11,11,11,11,11,11,11,11,11,11,11,11,11,11,11,14,10,10,10],[10,10,10,10,10,16,11,11,11,128,11,11,11,11,11,18,19,11,128,11,11,20,11,11,11,20,14,10,10,10],[10,10,10,10,10,10,19,11,11,11,11,11,18,15,15,10,10,15,15,19,11,11,11,128,18,15,10,10,10,10],[10,10,10,10,10,10,10,15,15,15,15,15,10,10,10,10,10,10,10,10,15,15,15,15,10,10,10,10,10,10]];
tileset = "cave_aqua";
area = "Temple_WATER_cave";
areaname = "Water Temple - Crystal Cave";
ambience = null;
dungeon = "WaterTemple";
if(GameData.switches.SerpentCave == null)
{
   GameData.switches.SerpentCave = {emerald:1,sappire:1};
}
A_sprites = [{name:"EXIT",model:"area_transition",x:24,y:1,dir:"s",dest:["Temple_WATER_3",16,32]}];
areaLoot = [{x:9,y:7,amount:1,item:"Crystal Rose",hidden:true,monsters:[["MasterStone",null,null,null],["Master Stone",null,null,null],[25,null,null,null],"SOLO"]},{x:1,y:20,amount:1,item:"Mirrilixir"},{x:7,y:28,amount:1,item:"Mind Crystal"}];
foes = MONSTER_TABLES.WATER_TEMPLE;
btlChance = 3;
minSteps = 5;
levelrange = MONSTER_LEVELS.WATER_TEMPLE;
musicTrack = "WaterTemple";
AreaSetup({WARP:1});
