map = [[10,10,10,10,10,138,138,138,10,10,10,10,10,10,10,10],[10,10,10,10,128,114,164,114,137,10,138,138,138,138,138,10],[10,10,10,10,128,124,120,124,137,128,111,111,111,111,110,137],[10,10,10,10,128,134,12,134,137,128,121,121,121,120,120,137],[10,10,10,10,128,12,12,12,137,128,133,133,11,12,12,137],[10,10,10,10,128,12,12,12,137,128,13,11,12,12,12,137],[10,138,138,138,10,126,12,18,138,136,12,125,127,126,12,137],[128,111,111,111,137,128,12,110,110,110,12,137,10,128,12,137],[128,121,121,121,137,128,12,120,120,120,12,137,10,128,12,137],[128,12,12,12,137,128,12,12,12,12,12,137,10,128,12,137],[10,127,119,12,135,138,139,139,139,139,139,10,10,128,12,137],[10,128,110,12,110,149,110,164,110,149,110,137,10,128,12,137],[10,128,120,12,120,120,120,120,120,120,120,135,138,136,12,137],[10,136,12,12,170,170,12,12,12,12,12,110,149,110,12,137],[128,110,12,170,160,160,12,170,170,170,12,120,120,120,12,137],[128,120,12,12,12,12,12,160,160,160,12,12,12,12,12,137],[128,133,144,144,146,12,12,160,160,160,170,170,170,170,170,137],[128,133,133,133,156,12,12,12,12,12,19,160,160,160,160,137],[128,111,111,111,130,131,132,12,12,12,129,160,160,160,160,137],[128,121,121,121,140,141,142,114,14,114,129,160,160,160,160,137],[128,133,133,11,150,151,152,124,14,124,129,12,12,12,12,137],[128,155,11,12,12,12,12,124,14,124,129,14,125,126,14,137],[10,126,14,19,110,110,110,124,14,124,129,14,137,128,14,137],[10,128,14,129,120,159,120,134,12,134,129,14,137,128,14,137],[10,128,12,129,12,12,12,12,12,12,118,14,137,128,14,137],[10,128,12,129,12,19,12,12,12,12,110,14,137,128,14,137],[10,128,12,129,12,129,120,120,111,120,120,14,137,128,14,137],[10,128,12,129,14,118,12,12,12,12,12,12,137,128,12,137],[10,128,12,129,12,110,12,12,12,12,12,125,10,128,12,137],[10,128,12,129,12,120,120,125,127,126,12,137,10,128,12,137],[10,128,12,129,12,12,12,137,10,128,14,137,10,128,14,137],[10,128,12,137,127,126,12,137,10,128,12,137,10,128,12,137],[10,128,12,137,10,128,12,137,10,128,12,137,10,128,12,137],[10,128,12,135,138,136,12,135,138,136,12,135,138,136,12,137],[10,128,12,114,113,114,12,114,112,114,12,114,112,114,12,137],[10,128,12,124,123,124,12,124,122,124,12,124,122,124,12,137],[10,128,12,134,12,134,11,134,12,134,12,134,12,134,12,137],[10,128,145,144,144,144,133,11,12,12,12,12,12,12,12,137],[10,128,155,133,133,133,133,133,133,11,12,12,12,13,133,137],[10,128,12,13,133,133,133,11,12,12,12,12,12,12,13,137],[10,128,12,12,155,154,156,12,12,12,12,12,12,12,12,137],[10,128,12,125,127,127,127,127,127,127,139,139,139,119,12,137],[10,136,12,135,10,138,138,138,10,128,110,111,110,110,12,137],[128,111,12,110,129,111,111,111,135,136,120,121,159,120,12,137],[128,121,14,120,129,121,121,121,110,110,12,12,12,12,12,137],[128,147,157,147,129,133,133,156,120,120,12,125,127,127,127,10],[128,157,147,147,129,133,156,12,12,12,12,135,138,138,138,10],[128,147,147,147,129,156,12,12,125,126,12,110,110,111,110,137],[128,147,147,147,137,127,127,127,10,128,12,120,159,121,120,137],[128,147,147,147,137,10,10,10,10,128,12,12,12,12,12,137],[10,126,14,125,10,10,10,10,10,10,127,127,127,126,12,137],[10,128,12,137,10,10,10,10,10,10,10,10,10,128,12,137],[10,128,12,137,10,138,138,138,138,138,138,138,10,128,12,137],[10,128,12,135,136,110,110,110,110,110,111,110,135,136,12,137],[10,128,12,110,110,120,120,120,159,120,121,120,110,110,12,137],[10,128,12,120,159,133,133,133,154,11,12,12,159,120,12,137],[10,128,12,13,133,133,133,156,12,12,12,12,12,12,12,137],[10,128,12,12,13,133,156,30,12,30,12,12,12,12,12,137],[10,128,12,12,12,110,14,114,112,114,14,110,12,12,12,137],[10,128,113,111,31,110,14,124,123,124,14,110,31,112,113,137],[10,128,122,123,110,31,14,134,12,134,14,31,110,122,123,137],[10,128,12,12,120,12,12,12,12,12,12,13,120,12,12,137],[10,128,12,12,12,12,12,12,12,12,13,133,144,144,146,137],[10,10,127,127,127,127,127,126,12,125,127,127,127,127,127,10]];
tileset = "temple_EARTH";
area = "Temple_EARTH_A";
areaname = "Earth Temple";
ambience = null;
dungeon = "Temple_EARTH";
ambience = GenericExternalAmbience({ra:80,rb:0,ga:100,gb:0,ba:60,bb:0,aa:100,ab:0});
A_sprites = [{name:"Sealed Door",model:"DOOR4",x:6,y:2,dest:["temple_EARTH_puzzle",7,10],lock:(!DoorsDone.D3?null:"magic")},{name:"S",model:"DOOR4",x:8,y:64,dest:["temple_EARTH_hub",3,11]}];
areaLoot = [{x:6,y:46,amount:1,item:"Body Crystal"},{x:6,y:21,amount:1,item:"Snakestone"},{x:7,y:27,amount:270,type:"gold"},{x:1,y:9,amount:1,item:"Steel Shield"}];
foes = MONSTER_TABLES.EARTH_TEMPLE;
btlChance = 5;
minSteps = 5;
levelrange = MONSTER_LEVELS.EARTH_TEMPLE;
musicTrack = "EarthTemple";
TempVars.EarthTemple_HubDoor = ["temple_EARTH_hub",3,11];
DeadTempleCheck();
AreaSetup({WARP:1});
EN_ADD("Places","Earth Temple");
