map = [[10,10,151,132,132,132,152,10,10,10,10,10,10,151,132,132,132,132,132,132,132,132,132,132,132,132,132,152,10,10,10],[10,10,131,110,113,110,133,10,10,10,10,151,132,141,12,12,12,12,12,12,12,12,12,12,12,12,12,142,152,10,10],[10,10,131,120,123,120,133,10,10,10,10,131,12,12,11,11,11,11,11,11,11,11,11,11,11,11,11,12,142,152,10],[10,10,131,31,115,31,133,10,10,10,151,141,11,11,11,11,11,11,11,11,11,11,11,11,11,11,11,11,12,133,10],[10,10,131,17,18,19,133,10,10,10,131,12,11,11,11,143,130,134,134,134,134,134,130,130,130,140,11,11,11,142,152],[10,10,131,17,18,19,133,10,10,151,141,11,11,143,130,153,131,15,112,112,112,15,133,10,10,150,140,11,11,12,133],[10,10,131,17,18,19,133,10,10,131,12,11,11,133,10,10,131,121,122,122,122,121,133,10,10,10,150,140,11,11,133],[16,16,16,17,18,19,142,132,152,131,11,11,143,153,10,10,131,14,17,18,19,14,133,10,10,10,10,131,11,11,133],[16,10,131,17,18,19,110,110,133,131,11,11,133,10,10,10,131,114,117,118,119,114,133,10,10,10,151,141,11,11,133],[16,10,131,17,18,19,120,120,133,131,11,11,133,10,10,10,131,114,13,13,13,114,133,10,151,132,141,12,11,11,133],[16,10,131,13,13,13,13,13,142,141,11,11,133,10,10,10,150,130,140,13,144,134,132,132,141,12,12,11,11,143,153],[16,10,150,130,140,13,13,13,110,110,11,11,133,10,10,10,10,10,131,13,12,12,12,12,12,11,11,11,11,16,16],[16,10,10,10,150,140,13,13,120,120,11,11,133,10,10,10,10,10,131,13,13,13,13,13,13,11,11,143,130,153,16],[16,10,10,10,10,150,140,13,13,13,13,13,133,10,10,10,10,10,131,13,13,13,13,13,13,143,130,153,10,10,16],[16,151,132,132,132,132,141,13,14,14,14,13,142,132,132,132,132,132,132,134,134,134,134,130,130,153,132,132,132,152,16],[16,131,111,111,15,111,111,13,114,114,114,13,111,15,111,111,111,15,111,111,111,15,111,133,10,131,110,110,110,133,16],[16,131,121,121,121,121,121,13,114,114,114,13,121,121,121,121,121,121,121,121,121,121,121,133,10,131,120,120,120,133,16],[16,131,11,11,11,11,11,13,114,114,114,13,11,11,11,11,11,11,11,11,11,11,11,133,10,131,30,11,30,133,16],[16,131,11,11,11,11,11,13,114,114,114,13,11,11,11,11,11,11,11,11,11,11,11,133,10,131,11,11,11,133,16],[16,131,11,11,143,130,130,130,130,130,130,130,130,130,130,130,130,130,130,130,130,140,11,133,10,131,11,11,11,133,16],[16,131,11,11,133,10,10,10,10,10,151,132,132,132,132,132,132,132,132,132,132,141,11,133,10,150,130,16,130,153,16],[16,131,11,11,133,10,10,10,10,10,131,12,12,12,12,12,12,12,12,12,12,12,11,133,10,10,10,16,10,10,16],[16,131,11,11,133,10,10,10,10,10,131,11,11,11,11,11,11,11,11,11,11,11,11,16,16,16,16,16,16,16,16],[16,150,140,115,133,10,10,10,10,10,131,11,11,11,11,11,11,11,11,11,11,11,11,133,10,151,132,132,132,152,10],[16,10,131,11,133,10,10,10,10,10,131,115,144,134,134,134,134,134,134,134,134,134,134,153,10,131,110,110,110,133,10],[16,151,141,11,142,152,10,10,10,10,131,115,12,12,12,12,12,12,12,12,12,12,12,133,10,131,120,120,120,133,10],[16,131,110,115,110,133,10,10,10,10,131,11,11,11,11,11,11,11,11,11,11,11,11,133,10,131,31,13,31,133,10],[16,131,120,11,120,133,10,10,10,10,131,11,11,11,11,11,11,11,11,11,11,11,11,133,10,131,13,13,13,133,10],[16,131,30,11,30,133,10,10,10,10,150,130,130,130,130,134,134,134,130,130,130,140,115,133,10,150,154,115,144,153,10],[16,131,11,11,11,16,16,16,16,16,10,10,10,10,131,110,112,110,133,10,10,131,115,133,10,131,110,13,110,133,10],[16,131,11,11,11,133,10,10,10,16,16,16,10,10,131,120,122,120,133,10,10,131,115,133,10,131,120,115,120,133,10],[16,150,130,130,130,153,10,10,10,10,10,16,10,10,131,17,18,19,133,10,10,131,115,133,10,131,31,13,31,133,10],[16,10,10,10,151,132,132,132,152,10,10,16,10,10,131,17,18,19,133,10,132,141,115,133,10,131,13,13,13,133,10],[16,10,10,10,131,110,112,110,133,10,10,16,10,10,131,17,18,19,133,131,12,12,115,133,10,150,130,16,130,153,10],[16,10,10,10,131,120,122,120,133,10,10,16,10,10,10,154,13,144,10,131,11,11,11,133,10,10,10,16,10,10,10],[16,10,10,10,131,13,13,13,133,10,10,16,10,10,131,112,13,112,133,131,11,143,130,153,10,10,10,16,10,10,10],[16,10,10,10,131,13,13,13,133,10,10,16,10,10,131,122,13,122,142,141,11,133,16,16,16,16,16,16,10,10,10],[16,10,10,10,131,13,13,13,133,10,10,16,10,10,131,13,13,13,12,12,11,133,16,10,10,10,10,10,10,10,10],[16,10,10,10,150,130,16,130,153,10,10,16,10,10,131,13,13,13,11,11,11,133,16,16,16,16,16,16,10,10,10],[16,16,16,16,16,16,16,10,10,10,10,16,10,10,131,13,13,13,143,130,130,10,10,10,10,10,10,16,10,10,10],[16,10,10,10,10,10,10,10,10,10,10,16,10,10,131,13,13,13,16,16,16,16,16,16,16,16,16,16,10,10,10],[16,16,16,16,16,16,16,16,16,16,16,16,10,10,150,130,130,130,153,10,10,10,10,10,10,10,10,10,10,10,10]];
tileset = "temple_DARK";
area = "Temple_Dark_4";
areaname = "Dark Temple";
ambience = {ra:90,rb:0,ga:60,gb:0,ba:100,bb:0,aa:100,ab:0};
dungeon = "DarkTemple";
A_sprites = [{name:"Molestor",model:"ch3bosses",x:16,y:37,walkspeed:-1,dir:"e",Static:true,elem:"DARK",BOSSCODE:"Molestor2",conv:[["norm","<<demon>>Neeeeeeeheeheeheehee... Children... You do not belooooong heeeererererere...!"],Do = function()
{
   BATTLE([["Molestor",null,null,null],["Molestor",null,null,null],[20,null,null,null],"SOLO"],"battle",true,true);
   return 1;
}]},{name:"Purple Keystone",model:"object",x:16,y:32,type:"switch_orb",colour:"amethyst",base:"gold",conv_action:1},{name:"Purple Gate",model:"object",x:27,y:29,type:"switch_gate",colour:"amethyst"},{name:"Purple Gate",model:"object",x:19,y:10,type:"switch_gate",colour:"amethyst"},{name:"EXIT",model:"DOOR10",x:4,y:2,dir:"s",dest:["Temple_Dark_hub",26,23]}];
if(GameData.CHAPTER == 3 && !GameData.plotVars.CH3TRILOBITES[1][_root.area])
{
   A_sprites.push({name:"Trilobite Warrior",model:"trilobite2",x:6,y:35,walkspeed:-1,dir:"s",elem:"WATER",conv:"c_ch3sq6"});
}
areaLoot = [{x:3,y:30,amount:6,item:"MotionPotion"},{x:27,y:26,amount:1,item:"Golden Conch"},{x:27,y:17,amount:1423,type:"gold"},{x:19,y:7,amount:1,item:"Ether"}];
foes = MONSTER_TABLES.DARK_TEMPLE;
btlChance = 3;
minSteps = 5;
levelrange = MONSTER_LEVELS.DARK_TEMPLE;
musicTrack = "DarkTemple";
DeadTempleCheck();
AreaSetup({LOOT:2,DARK:true,WARP:Boolean(GameData.plotVars.DONE_CH3_INTRO)});
