map = [[10,142,142,142,142,142,142,142,10],[143,111,110,111,112,111,110,111,132],[143,121,120,121,122,121,120,121,132],[143,19,30,16,17,18,30,19,132],[143,19,11,16,17,18,11,19,132],[143,19,11,16,17,18,11,19,132],[143,19,11,16,17,18,11,19,132],[143,19,11,16,17,18,11,19,132],[143,19,11,16,17,18,11,19,132],[143,19,11,16,17,18,11,19,132],[143,19,11,16,17,18,11,19,132],[143,19,11,16,17,18,11,19,132],[143,129,13,116,117,118,13,129,132],[143,19,30,16,17,18,30,19,132],[143,19,11,16,17,18,11,19,132],[143,19,11,16,17,18,11,19,132],[143,19,11,16,17,18,11,19,132],[143,19,11,16,17,18,11,19,132],[143,19,11,16,17,18,11,19,132],[143,19,11,16,17,18,11,19,132],[143,19,11,16,17,18,11,19,132],[143,19,11,16,17,18,11,19,132],[143,19,11,16,17,18,11,19,132],[143,19,11,16,17,18,11,19,132],[143,129,13,116,117,118,13,129,132],[143,19,30,16,17,18,30,19,132],[143,19,11,16,17,18,11,19,132],[143,19,11,16,17,18,11,19,132],[143,19,11,16,17,18,11,19,132],[143,19,11,16,17,18,11,19,132],[143,19,11,16,17,18,11,19,132],[143,19,11,16,17,18,11,19,132],[143,19,11,16,17,18,11,19,132],[143,19,11,16,17,18,11,19,132],[143,19,11,16,17,18,11,19,132],[143,19,11,16,17,18,11,19,132],[143,19,30,11,11,11,30,19,132],[10,133,133,131,15,130,133,133,10],[10,10,10,143,15,132,10,10,10],[10,10,10,10,133,10,10,10,10]];
tileset = "temple_WATER";
area = "Temple_WATER_2";
areaname = "Water Temple";
ambience = null;
dungeon = "WaterTemple";
A_sprites = [{name:"N",model:"DOOR13",x:4,y:2,dest:["Temple_WATER_3",10,37]},{name:"S",model:"area_transition",x:4,y:38,dest:["Temple_WATER_1",6,3],ARROW:"S"}];
areaLoot = [];
foes = MONSTER_TABLES.WATER_TEMPLE;
btlChance = 2;
minSteps = 5;
levelrange = MONSTER_LEVELS.WATER_TEMPLE;
musicTrack = "WaterTemple";
DeadTempleCheck();
AreaSetup({WARP:1,clearmap:1});
EN_ADD("Places","Water Temple");
