map = [[10,138,10,10,10,10,10,138,138,138,10,10,10,10,10,138,10],[128,111,137,10,10,10,128,111,164,111,137,10,10,10,128,111,137],[128,121,137,10,10,10,128,121,120,121,137,10,10,10,128,121,137],[128,12,137,10,10,10,128,15,16,17,137,10,10,10,128,13,137],[128,12,137,10,10,10,128,115,116,117,137,10,10,10,128,13,137],[128,12,135,138,138,138,136,15,16,17,135,138,138,138,136,13,137],[128,12,114,110,112,110,114,15,16,17,114,110,113,111,114,13,137],[128,12,124,120,122,120,124,15,16,17,124,120,123,121,124,13,137],[128,12,134,12,12,12,134,15,16,17,134,12,155,11,134,13,137],[128,12,12,12,12,12,12,15,16,17,12,12,12,155,133,133,137],[128,12,12,12,12,12,12,12,12,12,12,12,12,12,143,133,137],[128,120,120,120,120,120,120,120,120,120,120,14,14,120,111,111,137],[128,120,120,120,159,120,120,120,159,120,120,14,14,120,121,121,137],[128,12,12,12,12,13,133,133,11,12,12,12,12,12,155,156,137],[128,14,19,120,120,120,111,111,120,14,14,125,127,127,126,14,137],[128,14,129,121,120,121,121,121,120,14,14,137,10,10,128,12,137],[128,12,118,133,133,133,133,11,12,12,12,137,10,10,128,14,137],[128,12,110,133,133,133,133,11,12,12,12,137,10,10,128,12,137],[128,12,120,133,133,11,12,12,12,12,12,135,138,138,136,12,137],[128,14,120,111,111,111,120,120,12,12,12,110,110,110,110,14,137],[128,14,120,121,121,121,120,120,12,12,12,120,120,120,120,12,137],[128,12,13,133,133,133,133,133,120,120,120,120,159,120,120,12,137],[128,12,13,111,111,111,133,153,120,120,120,120,120,120,120,14,137],[128,12,12,121,121,121,133,154,133,133,133,133,11,12,12,12,137],[128,120,120,170,170,170,111,14,19,111,111,111,120,120,120,120,137],[128,120,120,160,160,160,121,14,129,121,121,121,120,120,120,120,137],[128,12,12,143,133,133,153,12,129,133,133,133,11,12,12,12,137],[128,14,30,155,133,133,156,12,118,133,125,127,127,127,126,14,137],[128,14,30,12,155,156,12,12,110,11,137,10,10,10,128,14,137],[128,13,30,12,12,12,12,12,120,12,137,10,10,10,128,12,137],[128,13,120,120,120,120,120,120,120,12,137,10,10,10,128,12,137],[128,13,120,120,120,120,120,120,120,12,137,10,10,10,128,12,137],[128,13,133,133,11,12,12,12,12,12,137,10,10,10,128,12,137],[128,30,12,30,12,30,12,30,12,30,137,10,10,10,128,12,137],[128,120,120,120,120,120,120,120,120,120,137,10,10,10,128,12,137],[128,120,120,120,120,159,120,120,120,120,137,10,10,10,128,12,137],[128,12,12,12,12,12,12,12,12,12,137,10,10,10,128,12,137],[128,14,19,12,12,12,125,127,126,12,137,10,10,10,128,12,137],[128,12,129,120,112,120,137,10,128,12,137,10,10,10,128,12,137],[128,12,118,120,122,120,137,10,128,12,135,138,138,138,136,12,137],[128,12,110,12,12,12,135,138,136,12,110,110,110,110,110,12,137],[128,14,120,12,12,12,110,110,110,12,120,120,159,120,120,12,137],[128,12,12,12,12,12,120,120,120,12,12,12,12,12,12,12,137],[10,127,126,12,12,12,120,159,120,120,120,120,12,12,12,12,137],[10,10,10,127,126,12,120,120,120,120,120,120,30,12,12,12,137],[10,10,10,10,128,12,12,145,133,144,144,146,120,120,120,120,137],[10,138,138,138,136,13,144,133,133,133,133,156,120,120,120,120,137],[128,114,110,110,114,12,13,154,154,154,156,12,12,12,12,12,137],[128,124,120,120,124,12,12,12,12,12,12,12,12,12,12,12,137],[128,124,112,112,124,120,120,120,120,30,12,12,12,12,12,12,137],[128,124,122,123,124,120,120,120,120,120,120,120,120,120,14,120,137],[128,134,13,11,134,13,12,12,12,120,120,120,120,120,14,120,137],[128,13,133,133,144,156,12,12,12,12,12,12,12,12,12,12,137],[128,143,133,154,156,12,12,12,12,125,127,127,126,120,14,120,137],[128,155,156,12,12,12,12,12,12,137,10,10,128,120,14,120,137],[128,12,12,12,12,12,12,12,12,137,10,10,128,12,12,12,137],[128,120,14,120,120,120,120,120,120,137,10,10,128,12,12,12,137],[128,120,14,120,120,120,159,120,120,137,10,10,128,12,12,12,137],[128,12,12,12,12,12,13,133,11,137,10,10,128,120,14,120,137],[128,12,12,12,12,12,12,155,11,137,10,10,128,120,14,120,137],[128,11,12,12,12,12,12,12,12,137,10,10,128,147,147,147,137],[128,133,144,11,12,12,12,12,12,137,10,10,128,147,158,157,137],[10,127,127,127,127,127,127,126,12,137,10,10,128,157,157,157,137],[10,10,10,10,10,10,10,128,12,137,10,10,10,127,127,127,10]];
tileset = "temple_EARTH";
area = "Temple_EARTH_C";
areaname = "Earth Temple";
ambience = null;
dungeon = "Temple_EARTH";
ambience = GenericExternalAmbience({ra:80,rb:0,ga:100,gb:0,ba:60,bb:0,aa:100,ab:0});
A_sprites = [{name:"Wooden Door",model:"DOOR4",x:4,y:15,lock:"key",key:"Little Wooden Key",dest:["temple_EARTH_secret",4,10]},{name:"Sealed Door",model:"DOOR4",x:8,y:2,dest:["temple_EARTH_puzzle",7,10],lock:(!DoorsDone.D15?null:"magic")},{name:"S",model:"DOOR4",x:8,y:64,dest:["temple_EARTH_hub",15,11]}];
areaLoot = [{x:14,y:61,amount:1,item:"Gold Ore",hidden:true},{x:9,y:19,amount:1,item:"Viper\'s Eye"},{x:1,y:3,amount:3,item:"Liquid Lightning"},{x:15,y:3,amount:10,item:"Antidote"}];
foes = MONSTER_TABLES.EARTH_TEMPLE;
btlChance = 5;
minSteps = 5;
levelrange = MONSTER_LEVELS.EARTH_TEMPLE;
musicTrack = "EarthTemple";
TempVars.EarthTemple_HubDoor = ["temple_EARTH_hub",15,11];
DeadTempleCheck();
AreaSetup({WARP:1});
EN_ADD("Places","Earth Temple");
