map = [[10,10,10,10,10,10,10,10,142,142,142,142,142,10,10,10,10,10,10,10,10],[10,10,10,10,10,10,10,143,111,111,112,111,111,132,10,10,10,10,10,10,10],[10,10,10,10,10,142,142,141,121,121,122,121,121,140,142,142,10,10,10,10,10],[10,10,142,142,141,111,129,111,30,11,11,11,30,111,129,111,140,142,142,10,10],[10,143,110,111,110,121,129,121,12,11,11,11,12,121,129,121,110,111,110,132,10],[10,143,120,121,120,119,19,119,119,119,119,119,119,119,19,119,120,121,120,132,10],[10,143,30,12,12,19,19,19,19,19,19,19,19,19,19,19,12,12,30,132,10],[10,143,12,12,12,19,19,19,19,19,19,19,19,19,19,19,12,12,12,132,10],[10,142,135,12,12,19,19,19,19,19,19,19,19,19,19,19,12,12,144,142,10],[143,112,110,12,12,12,19,30,16,17,17,17,18,30,19,12,12,12,110,112,132],[143,122,120,13,15,13,129,13,116,117,117,117,118,13,129,13,15,13,120,122,132],[143,12,30,12,11,11,19,12,16,17,17,17,18,12,19,11,11,12,30,12,132],[143,12,12,12,11,11,19,12,16,17,17,17,18,12,19,11,11,12,12,12,132],[10,133,133,133,131,11,12,12,16,17,17,17,18,12,12,11,130,133,133,133,10],[10,10,10,10,143,11,19,12,16,17,17,17,18,12,19,11,132,10,10,10,10],[10,10,10,10,143,11,19,12,16,17,17,17,18,12,19,11,132,10,10,10,10],[10,10,10,10,143,11,19,12,16,17,17,17,18,12,19,11,132,10,10,10,10],[10,10,10,10,143,11,19,30,16,17,17,17,18,30,19,11,132,10,10,10,10],[10,10,142,10,143,13,129,13,116,117,117,117,118,13,129,13,132,10,10,10,10],[10,143,122,132,143,14,19,14,16,17,17,17,18,14,19,14,132,10,10,10,10],[10,143,15,132,143,13,129,13,116,117,117,117,118,13,129,13,132,10,10,10,10],[10,143,15,132,143,119,19,119,16,17,17,17,18,119,19,119,132,10,142,10,10],[10,143,15,140,141,19,19,19,16,17,17,17,18,19,19,19,140,141,122,132,10],[10,143,15,13,13,19,19,19,16,17,17,17,18,19,19,19,13,13,11,132,10],[10,143,11,11,11,11,11,30,16,17,17,17,18,30,11,11,11,11,11,132,10],[10,10,133,133,131,11,11,11,14,14,14,14,14,11,11,11,130,133,133,10,10],[10,10,10,10,10,133,133,133,133,131,15,130,133,133,133,133,10,10,10,10,10],[10,10,10,10,10,10,10,10,10,141,14,140,10,10,10,10,10,10,10,10,10],[10,10,10,10,10,10,10,10,141,110,14,110,140,10,10,10,10,10,10,10,10],[10,10,10,10,10,10,10,141,110,120,14,120,110,140,10,10,10,10,10,10,10],[10,10,10,10,142,10,143,110,120,30,11,30,120,110,132,10,142,10,10,10,10],[10,10,10,143,122,140,141,120,11,12,12,12,11,120,140,141,122,132,10,10,10],[10,10,10,143,14,13,13,30,12,119,129,119,12,30,13,13,14,132,10,10,10],[10,10,10,143,14,14,14,11,12,19,19,19,12,11,14,14,14,132,10,10,10],[10,10,10,10,133,133,131,11,12,19,19,19,12,11,130,133,133,10,10,10,10],[10,10,10,10,10,10,10,131,11,12,12,12,11,130,10,10,10,10,10,10,10],[10,10,10,10,10,10,10,10,131,11,11,11,130,10,10,10,10,10,10,10,10],[10,10,10,10,10,10,10,10,10,131,15,130,10,10,10,10,10,10,10,10,10],[10,10,10,10,10,10,10,10,10,143,15,132,10,10,10,10,10,10,10,10,10],[10,10,10,10,10,10,10,10,10,10,133,10,10,10,10,10,10,10,10,10,10]];
tileset = "temple_WATER";
area = "Temple_WATER_3";
areaname = "Water Temple";
ambience = null;
dungeon = "WaterTemple";
A_sprites = [{name:"Save Crystal",model:"o_Crystal",x:10,y:13,walkspeed:-1,conv:"c_healingCrystal"},{name:"Amethyst Gate",model:"object",x:10,y:2,type:"switch_gate",colour:"amethyst"},{name:"Sapphire Gate",model:"object",x:10,y:28,type:"switch_gate",colour:"sapphire"},{name:"Moonstone Gate",model:"object",x:16,y:32,type:"switch_gate",colour:"moonstone"},{name:"Moonstone Platform",model:"object",x:10,y:5,type:"switch_platform",colour:"moonstone"},{name:"Emerald Platform",model:"object",x:10,y:6,type:"switch_platform",colour:"emerald"},{name:"Turquoise Platform",model:"object",x:10,y:7,type:"switch_platform",colour:"turquoise"},{name:"Sapphire Platform",model:"object",x:10,y:8,type:"switch_platform",colour:"sapphire"},{name:"NW",model:"DOOR13",x:1,y:10,dir:"s",dest:["Temple_WATER_W",28,16]},{name:"Upper Rooms",model:"DOOR13",x:2,y:19,lock:"key",key:"Water Temple Key",dest:["Temple_WATER_upper",15,15]},{name:"NE",model:"DOOR13",x:19,y:10,dir:"s",dest:["Temple_WATER_E",2,8]},{name:"SE",model:"DOOR13",x:18,y:22,dir:"s",dest:["Temple_WATER_E",2,28]},{name:"ANTEROOM",model:"DOOR13",x:4,y:31,dir:"s",dest:["Temple_WATER_W",25,45]},{name:"CRYSTAL CAVE",model:"DOOR13",x:16,y:31,dir:"s",dest:["Temple_WATER_cave",24,2]},{name:"N",model:"area_transition",x:10,y:2,dest:["Temple_WATER_BOSS",7,17]},{name:"S",model:"area_transition",x:10,y:38,dest:["Temple_WATER_2",4,3],ARROW:"S"}];
if(int(GameData.plotVars.GOPE) >= 2)
{
   A_sprites.push({name:"Gope",model:"gope",x:7,y:19,walkspeed:-1,dir:"e",elem:"EARTH",conv:"c_gope"});
}
if(!GameData.plotVars.CHALICES[1].WATER)
{
   A_sprites.push({name:"Miasmal Chalice",elem:"WATER",model:"chalice",x:10,y:22,conv:"c_chalice"});
}
areaLoot = [{x:3,y:6,amount:1,item:"Sapphire"},{x:17,y:6,amount:1,item:"Mirrilixir"}];
foes = MONSTER_TABLES.WATER_TEMPLE;
btlChance = 2;
minSteps = 5;
levelrange = MONSTER_LEVELS.WATER_TEMPLE;
musicTrack = "WaterTemple";
DeadTempleCheck();
AreaSetup({WARP:1,clearmap:0});
EN_ADD("Places","Water Temple");
