map = [[10,10,10,10,10,10,142,142,142,10,10,10,10,10,10],[10,10,10,10,142,141,111,111,111,140,142,10,10,10,10],[10,10,10,141,129,111,121,121,121,111,129,140,10,10,10],[10,10,143,111,129,121,12,12,12,121,129,111,132,10,10],[10,10,143,121,19,12,154,155,156,12,19,121,132,10,10],[10,10,143,119,19,12,164,165,166,12,19,119,132,10,10],[10,10,143,19,19,12,174,175,176,12,19,19,132,10,10],[10,10,10,131,19,11,12,12,12,11,19,130,10,10,10],[10,142,142,10,131,11,16,17,18,11,130,10,142,142,10],[143,129,110,132,10,135,16,17,18,144,10,143,110,129,132],[143,129,120,132,143,110,116,117,118,110,132,143,120,129,132],[143,19,119,132,143,120,116,117,118,120,132,143,119,19,132],[143,19,19,132,141,30,16,17,18,30,140,143,19,19,132],[143,19,19,145,129,11,16,17,18,11,129,145,19,19,132],[143,19,19,112,129,11,16,17,18,11,129,112,19,19,132],[143,19,19,13,19,11,16,17,18,11,19,13,19,19,132],[143,19,19,119,19,134,116,117,118,134,19,119,19,19,132],[10,131,19,19,19,136,116,117,118,136,19,19,19,130,10],[10,10,131,19,19,132,131,15,130,143,19,19,130,10,10],[10,10,10,133,133,10,10,133,10,10,133,133,10,10,10]];
tileset = "temple_WATER";
area = "Temple_WATER_CR";
areaname = "Water Temple - Crystal Room";
ambience = null;
dungeon = "WaterTemple";
A_sprites = [{name:"EXIT",model:"area_transition",x:7,y:18,dest:["Temple_WATER_boss",7,3],ARROW:"S"}];
if(!HASPLOTITEM("Water Crystal of Belfan"))
{
   A_sprites.push({name:"Water Crystal",elem:"WATER",model:"ElementalCrystal",walkspeed:-2,FRAME:1,x:7,y:5,conv:"c_crystals"});
}
areaLoot = [];
foes = [];
btlChance = 0;
minSteps = 5;
levelrange = [1,1];
musicTrack = GameData.plotVars.WATER_CRYSTAL != null?"none":"Crystals";
DeadTempleCheck();
AreaSetup({WARP:0,clearmap:1});
EN_ADD("Places","Water Temple");
