map = [[10,10,10,10,10,10,10,10,10,10,138,138,138,10,10,10,10,10,10,10,10,10,10],[10,10,10,10,10,10,10,10,10,128,114,164,114,137,10,10,10,10,10,10,10,10,10],[10,10,138,138,138,10,138,138,138,128,124,120,124,137,138,138,138,10,138,138,138,10,10],[10,136,113,112,112,118,113,112,113,118,134,12,134,118,112,113,113,118,113,112,112,135,10],[128,114,123,122,122,114,122,123,123,114,120,14,120,114,122,123,122,114,122,122,123,114,137],[128,124,157,20,147,124,147,20,147,124,15,16,17,124,157,20,157,124,147,20,147,124,137],[128,134,147,147,147,134,157,147,147,134,15,16,17,134,147,157,147,134,147,157,157,134,137],[128,145,144,11,12,12,12,12,12,12,15,16,17,12,12,12,12,12,12,12,12,13,137],[128,155,154,154,144,144,11,12,12,12,15,16,17,12,12,12,12,12,12,12,12,13,137],[128,114,110,164,111,114,111,164,110,114,115,116,117,114,111,164,111,114,111,164,110,114,137],[128,124,120,120,121,124,121,120,120,124,115,116,117,124,121,120,121,124,121,120,120,124,137],[128,165,157,157,147,165,147,147,157,165,147,147,147,165,147,147,147,165,147,147,147,165,137],[128,158,157,147,147,157,147,147,147,147,147,147,147,147,147,147,147,147,147,147,147,158,137],[128,157,157,147,147,147,147,147,147,147,147,157,147,147,147,147,147,147,147,147,147,157,137],[128,147,147,147,147,147,147,147,147,147,147,147,157,147,147,157,158,157,147,147,147,147,137],[128,147,147,157,170,170,170,170,170,147,147,147,147,147,170,170,170,170,170,147,147,147,137],[128,147,147,158,160,160,160,160,160,147,147,147,147,147,160,160,160,160,160,157,147,147,137],[128,11,12,12,125,127,127,127,126,31,14,14,14,31,125,127,127,127,126,11,12,13,137],[128,146,31,12,137,10,10,10,128,11,12,12,12,13,137,10,10,10,128,11,31,13,137],[128,133,144,146,137,10,10,10,136,11,12,12,12,13,135,10,10,10,128,146,12,13,137],[10,127,127,127,10,10,10,128,110,14,14,14,14,14,110,137,10,10,10,127,127,127,10],[10,10,10,10,10,10,10,128,159,11,12,12,12,13,159,137,10,10,10,10,10,10,10],[10,10,10,10,10,10,10,128,11,12,12,12,12,12,13,137,10,10,10,10,10,10,10],[10,10,10,10,10,10,10,128,11,12,12,12,12,12,13,137,10,10,10,10,10,10,10],[10,10,10,10,10,10,10,10,127,127,126,12,125,127,127,10,10,10,10,10,10,10,10],[10,10,10,10,10,10,10,10,10,10,128,12,137,10,10,10,10,10,10,10,10,10,10]];
tileset = "temple_EARTH";
area = "Temple_EARTH_hub";
areaname = "Earth Temple";
ambience = null;
dungeon = "Temple_EARTH";
ambience = GenericExternalAmbience({ra:80,rb:0,ga:100,gb:0,ba:60,bb:0,aa:100,ab:0});
var DoorsDone = {};
if(GameData.plotVars.TEpuzzle.done != null)
{
   var i = 0;
   while(i < GameData.plotVars.TEpuzzle.done.length)
   {
      map[5][GameData.plotVars.TEpuzzle.done[i]] = 21;
      DoorsDone["D" + GameData.plotVars.TEpuzzle.done[i]] = true;
      i++;
   }
}
A_sprites = [{name:"Save Crystal",model:"o_Crystal",x:11,y:13,walkspeed:-1,conv:"c_healingCrystal"},{name:"A",model:"DOOR4",x:3,y:10,dest:["temple_EARTH_A",8,63]},{name:"B",model:"DOOR4",x:7,y:10,dest:["temple_EARTH_B",8,63]},{name:"C",model:"DOOR4",x:15,y:10,dest:["temple_EARTH_C",8,63]},{name:"D",model:"DOOR4",x:19,y:10,dest:["temple_EARTH_D",8,63]},{name:"Another Sealed Door",model:"DOOR4",x:11,y:2,dest:["temple_EARTH_boss",7,18],lock:(int(GameData.plotVars.TEpuzzle.done.length) >= 4?null:"magic")},{name:"S",model:"DOOR4",x:11,y:26,dest:["temple_EARTH_2",14,5]}];
if(int(GameData.plotVars.GOPE) >= 2)
{
   A_sprites.push({name:"Gope",model:"gope",x:13,y:18,walkspeed:-1,dir:"w",elem:"EARTH",conv:"c_gope"});
}
if(!GameData.plotVars.CHALICES[1].EARTH)
{
   A_sprites.push({name:"Miasmal Chalice",model:"chalice",elem:"EARTH",x:11,y:7,conv:"c_chalice"});
}
areaLoot = [];
foes = MONSTER_TABLES.EARTH_TEMPLE;
btlChance = 5;
minSteps = 5;
levelrange = MONSTER_LEVELS.EARTH_TEMPLE;
musicTrack = "EarthTemple";
DeadTempleCheck();
AreaSetup({WARP:1,clearmap:1});
EN_ADD("Places","Earth Temple");
