map = [[10,10,10,134,142,142,142,142,142,142,142,135,10,10,10],[10,10,134,141,113,112,23,114,23,112,113,140,135,10,10],[10,134,141,112,123,122,22,124,22,122,123,112,140,135,10],[10,143,113,122,12,12,22,11,22,12,12,122,113,132,10],[10,143,123,12,12,20,16,17,18,20,12,12,123,132,10],[10,143,129,12,20,11,16,17,18,11,20,12,129,132,10],[10,143,119,129,11,11,16,17,18,11,11,129,119,132,10],[10,144,131,119,129,11,16,17,18,11,129,119,130,145,10],[10,10,144,131,119,129,16,17,18,129,119,130,145,10,10],[10,10,10,144,133,131,116,117,118,130,133,145,10,10,10],[10,10,10,10,10,143,16,17,18,132,10,10,10,10,10],[10,10,10,10,10,143,116,117,118,132,10,10,10,10,10],[10,10,10,10,10,144,131,15,130,145,10,10,10,10,10],[10,10,10,10,10,10,143,15,132,10,10,10,10,10,10],[10,10,10,10,10,10,144,133,145,10,10,10,10,10,10]];
tileset = "temple_FIRE";
area = "Temple_FIRE_1";
areaname = "Fire Temple";
ambience = null;
dungeon = "FireTemple";
A_sprites = [{name:"N",model:"DOOR12",x:7,y:2,dest:["Temple_FIRE_2",5,27]},{name:"S",model:"area_transition",x:7,y:13,dest:["volcano7",11,3],ARROW:"S"}];
areaLoot = [];
foes = [];
btlChance = 0;
minSteps = 5;
levelrange = [1,1];
musicTrack = "FireTemple";
DeadTempleCheck();
AreaSetup({WARP:1,clearmap:1});
EN_ADD("Places","Fire Temple");
