map = [[10,10,10,138,138,138,138,138,10,10,10,10,10,10,10,10,10,10,10,10,10,138,138,138,138,138,10,10,10],[10,10,128,111,130,131,132,111,137,10,10,10,10,10,10,10,10,10,10,10,128,110,130,131,132,111,10,10,10],[10,138,136,121,140,141,142,121,137,10,10,10,10,138,138,138,10,10,10,10,128,120,140,141,142,121,135,138,10],[128,110,114,12,150,151,152,12,137,10,10,10,128,110,164,111,137,10,10,10,128,12,150,151,152,12,114,110,137],[128,159,124,12,12,12,12,12,137,10,10,138,136,120,120,121,135,138,10,10,128,12,12,12,12,12,124,159,137],[128,12,134,12,12,12,145,144,137,10,128,112,114,15,16,17,114,112,137,10,128,12,12,12,12,12,134,12,137],[128,12,12,12,12,145,133,133,137,10,128,122,124,15,16,17,124,122,137,10,128,12,12,12,12,12,12,12,137],[128,12,125,127,127,127,127,127,10,10,128,11,134,115,116,117,134,12,137,10,10,127,127,127,127,127,126,12,137],[128,12,137,10,10,10,138,138,138,138,136,11,12,15,16,17,12,12,135,138,138,138,138,10,10,10,128,12,137],[128,145,137,10,10,128,111,114,112,114,110,11,12,15,16,17,12,12,110,114,112,114,110,137,10,10,128,12,137],[128,13,137,10,10,128,121,124,122,124,120,11,31,15,16,17,31,12,120,124,122,124,120,137,10,10,128,12,137],[128,13,137,10,10,128,12,134,12,134,12,12,12,15,16,17,12,12,12,134,11,134,13,137,10,10,128,12,137],[128,11,137,10,10,128,12,12,12,12,12,12,12,12,12,12,12,12,12,12,13,133,133,137,10,10,128,12,137],[128,12,137,10,10,128,12,12,12,12,12,12,12,12,12,12,12,12,12,12,12,13,133,137,10,10,128,12,137],[128,12,137,10,10,128,12,12,12,19,120,120,120,14,14,14,120,120,120,19,12,13,133,137,10,10,128,12,137],[128,12,137,10,10,128,12,12,145,129,158,158,157,147,147,147,147,157,147,129,12,12,13,137,10,10,128,12,137],[128,12,137,10,10,128,12,13,133,129,158,157,147,157,147,147,147,147,147,129,12,12,13,137,10,10,128,12,137],[128,12,137,10,10,128,145,133,153,129,157,147,125,127,127,127,126,147,147,129,12,12,13,137,10,10,128,12,137],[128,12,137,10,10,128,133,133,153,129,158,147,137,10,10,10,128,147,147,129,12,12,13,137,10,10,128,12,137],[128,12,137,10,10,128,133,133,11,129,147,147,137,10,10,10,128,158,147,129,12,12,12,137,10,10,128,12,137],[128,12,137,10,10,128,133,11,12,129,147,125,138,138,138,138,138,126,147,129,146,12,12,137,10,10,128,12,137],[128,12,135,138,138,136,155,156,12,129,147,118,111,111,164,111,111,118,147,129,133,146,12,135,138,138,136,12,137],[128,12,114,113,112,114,12,12,12,129,147,111,159,121,120,121,159,111,147,129,133,133,11,114,112,112,114,12,137],[128,12,124,123,122,124,12,12,12,129,147,121,12,12,12,12,12,121,147,129,133,133,11,124,122,122,124,12,137],[128,12,134,12,12,134,12,12,12,129,147,31,12,12,12,12,12,31,147,129,13,133,11,134,12,12,134,12,137],[128,12,12,12,12,12,12,12,12,129,147,120,14,120,12,120,14,120,157,129,13,133,11,12,12,12,12,12,137],[10,126,12,12,12,12,125,127,127,128,147,147,157,160,12,160,147,147,147,137,127,127,126,12,12,12,12,125,10],[10,128,12,12,12,12,137,10,10,128,170,170,170,160,12,160,170,170,170,137,10,10,128,12,12,12,12,137,10],[10,128,12,12,12,12,137,10,10,128,160,160,160,160,12,160,160,160,160,137,10,10,128,12,12,12,12,137,10],[10,10,126,12,125,127,10,10,10,128,160,160,160,12,12,12,160,160,160,137,10,10,10,127,126,12,125,10,10],[10,10,128,12,137,10,10,10,10,10,127,126,160,12,12,12,160,125,127,10,10,10,10,10,128,12,137,10,10],[10,10,128,12,137,10,10,10,10,10,138,136,160,12,12,12,160,135,138,10,10,10,10,10,128,12,137,10,10],[10,10,136,12,135,10,10,10,10,128,112,110,160,120,120,120,160,110,112,137,10,10,10,10,136,12,135,10,10],[10,128,110,12,111,135,138,138,138,136,122,159,160,170,170,170,160,159,122,135,138,138,138,136,110,12,110,137,10],[10,128,120,14,121,110,114,112,114,111,170,170,160,160,160,160,160,170,170,110,114,112,114,111,120,14,120,137,10],[10,128,12,12,12,120,124,122,124,121,160,160,160,160,160,160,160,160,160,120,124,122,124,121,12,12,12,137,10],[10,128,12,12,12,12,134,12,134,12,12,12,12,12,12,12,12,12,12,12,134,12,134,12,12,12,12,137,10],[10,128,12,12,12,12,12,12,12,12,12,12,12,12,12,12,12,12,12,12,12,12,12,12,12,12,12,137,10],[10,128,12,12,12,12,12,12,12,12,12,12,145,146,11,12,12,12,12,12,12,12,12,12,12,12,13,137,10],[10,128,12,12,12,125,127,127,127,126,12,13,133,133,11,12,12,12,12,125,127,127,127,126,12,12,13,137,10],[10,128,12,12,12,10,10,10,10,128,145,133,133,133,156,12,12,12,12,137,10,10,10,128,12,13,133,137,10],[10,136,12,12,12,135,10,10,10,128,133,133,133,156,12,12,12,12,12,137,10,10,10,136,12,13,133,135,10],[128,110,12,12,12,110,137,10,10,128,133,133,11,12,12,12,12,12,12,137,10,10,128,110,12,13,133,110,137],[128,159,12,12,12,159,137,10,10,128,133,133,11,12,12,12,12,12,12,137,10,10,128,159,12,13,133,159,137],[128,12,12,12,12,12,137,10,10,128,133,133,133,146,12,12,12,12,12,137,10,10,128,12,13,133,133,146,137],[128,12,12,145,146,12,137,10,10,10,127,127,127,126,14,125,127,127,127,10,10,10,128,12,155,133,133,11,137],[128,12,145,133,133,146,137,10,10,10,10,10,10,128,12,137,10,10,10,10,10,10,128,12,12,155,11,12,137],[128,12,155,133,133,133,137,10,10,10,10,10,10,128,12,137,10,10,10,10,10,10,128,12,12,12,12,12,137],[128,12,12,155,133,133,137,10,10,10,10,10,10,128,14,137,10,10,10,10,10,10,128,12,12,12,12,12,137],[10,127,127,127,127,127,10,10,10,10,10,10,10,128,12,137,10,10,10,10,10,10,10,127,127,127,127,127,10]];
tileset = "temple_EARTH";
area = "Temple_EARTH_2";
areaname = "Earth Temple";
ambience = null;
dungeon = "Temple_EARTH";
ambience = GenericExternalAmbience({ra:80,rb:0,ga:100,gb:0,ba:60,bb:0,aa:100,ab:0});
A_sprites = [{name:"Sealed Door",model:"DOOR4",x:14,y:22,dest:["temple_EARTH_secret2",4,10],lock:(int(GameData.plotVars.TEpuzzle.done.length) >= 4?null:"magic")},{name:"N",model:"DOOR4",x:14,y:4,dest:["temple_EARTH_hub",11,25]},{name:"S",model:"DOOR4",x:14,y:50,dest:["temple_EARTH_1",7,3]}];
areaLoot = [{x:14,y:30,amount:1,item:"EarthPendant"},{x:2,y:47,amount:1,item:"Jade Stole +6"},{x:27,y:48,amount:1,item:"Emerald"},{x:23,y:4,amount:1200,type:"gold"},{x:5,y:4,amount:1,item:"PhoenixDown"}];
foes = MONSTER_TABLES.EARTH_TEMPLE;
btlChance = 5;
minSteps = 5;
levelrange = MONSTER_LEVELS.EARTH_TEMPLE;
musicTrack = "EarthTemple";
DeadTempleCheck();
AreaSetup({WARP:1});
EN_ADD("Places","Earth Temple");
