map = [[10,10,17,17,17,17,17,17,17,17,116,124,115,17,17,17,17,10,10,10,10,10,10,10,17,17,17,17,17,10],[10,117,12,12,12,12,13,13,12,12,13,139,12,12,12,12,12,18,10,10,10,10,10,116,12,13,12,12,12,18],[10,117,112,112,135,112,113,113,112,112,112,139,112,112,113,112,112,115,10,10,10,10,116,12,112,113,112,135,112,18],[10,117,110,11,11,11,11,11,11,111,11,124,11,11,11,11,110,12,18,10,10,117,12,112,110,11,11,11,110,18],[10,117,11,11,11,111,11,11,11,11,11,138,11,11,11,11,11,112,115,17,17,116,112,110,11,11,11,11,11,18],[10,10,118,118,16,11,11,11,11,11,11,124,11,11,111,11,11,110,12,12,12,12,11,11,11,11,111,11,11,18],[10,10,10,10,10,118,118,118,118,118,16,124,11,11,11,11,11,11,112,113,112,112,111,11,11,11,11,11,11,18],[10,10,10,10,10,17,17,17,17,17,116,123,121,11,11,111,140,153,141,11,110,11,11,11,11,11,11,110,15,10],[10,10,10,10,116,12,13,13,114,13,13,123,132,11,11,11,143,127,127,153,153,153,153,141,11,11,15,118,10,10],[10,10,17,116,12,112,112,113,119,113,112,130,126,133,121,11,150,127,127,127,127,127,127,152,11,111,18,10,10,10],[10,116,12,12,112,110,128,11,128,11,128,110,130,126,132,11,11,143,127,127,127,127,127,127,141,11,115,10,10,10],[117,12,112,113,111,11,128,11,128,11,128,11,11,123,126,121,11,143,127,127,127,127,127,127,152,110,13,18,10,10],[117,112,11,11,11,11,128,11,11,11,128,11,11,123,126,132,11,150,142,142,142,127,127,127,152,11,112,115,17,10],[117,11,11,15,16,11,128,128,128,128,128,11,11,123,126,132,111,11,11,11,11,150,142,142,151,120,121,12,13,18],[117,125,15,10,10,16,110,11,11,11,11,11,110,123,126,126,134,134,134,134,137,134,134,134,134,126,132,112,113,18],[10,136,10,10,10,117,120,121,11,111,11,110,120,126,126,132,11,11,11,11,11,11,11,11,11,130,122,133,121,18],[10,10,10,10,10,117,130,122,133,133,133,133,126,126,126,131,11,140,153,153,153,153,153,153,141,11,110,123,132,18],[10,10,10,10,10,10,118,16,130,126,126,126,126,126,132,11,11,143,127,127,127,127,127,127,152,11,11,123,132,18],[10,10,10,10,10,10,10,10,16,130,122,126,126,126,131,140,153,127,127,127,127,127,127,127,152,11,120,126,132,18],[10,10,10,10,10,10,10,10,10,118,16,123,126,132,140,127,127,127,127,127,127,127,127,142,151,11,123,126,132,18],[10,10,10,10,17,17,17,17,17,17,116,130,122,131,143,127,127,127,127,127,127,142,151,11,11,120,126,122,131,18],[10,10,17,116,12,12,12,13,12,12,13,140,153,153,127,127,127,127,127,127,151,11,11,11,120,126,132,15,118,10],[10,116,12,12,112,112,112,113,112,112,112,143,127,127,127,127,127,142,142,151,11,11,120,133,126,126,132,18,10,10],[117,12,112,113,140,153,153,153,153,153,153,127,127,127,127,127,151,11,11,11,120,133,126,126,126,122,131,115,17,10],[117,112,110,11,150,142,142,142,142,127,127,127,142,142,142,151,11,11,120,133,126,126,126,126,131,11,110,12,12,18],[117,110,11,11,11,11,15,118,16,150,142,151,120,133,133,133,133,133,126,126,126,126,122,131,11,11,111,112,135,18],[117,11,11,111,15,118,10,10,10,118,118,16,130,122,126,126,126,126,126,126,122,131,11,11,11,11,11,11,11,18],[117,11,11,11,18,10,10,10,10,10,10,10,118,16,130,122,122,122,122,131,110,11,11,11,111,11,11,11,110,18],[10,16,125,15,10,10,10,10,10,10,10,10,10,10,118,118,118,118,118,118,118,16,110,110,11,11,11,11,15,10],[10,10,136,10,10,10,10,10,10,10,10,10,10,10,10,10,10,10,10,10,10,10,118,118,118,118,118,118,10,10]];
tileset = "volcano";
area = "volcano6";
areaname = "Crimson Peak";
ambience = null;
dungeon = "Volcano";
A_sprites = [{name:"Soul Cage",model:"examine",x:8,y:9,walkspeed:-1,conv:"c_flamesouls"},{name:"1",model:"area_transition",x:4,y:2,dest:["volcano5",29,27]},{name:"2",model:"area_transition",x:27,y:2,dest:["volcano5",38,27]},{name:"3",model:"area_transition",x:28,y:25,dest:["volcano7",13,48]},{name:"4",model:"area_transition",x:2,y:29,dest:["volcano2",54,5]},{name:"5",model:"area_transition",x:1,y:15,dest:["volcano3",24,3]}];
areaLoot = [{x:21,y:27,amount:3,item:"MugwortJuice"},{x:26,y:25,amount:1,item:"Rune Shield"}];
foes = MONSTER_TABLES.VOLCANO;
btlChance = 3;
minSteps = 5;
levelrange = MONSTER_LEVELS.VOLCANO;
musicTrack = "Volcano";
AreaSetup({WARP:1});
