map = [[10,10,10,10,17,17,17,17,17,10,10,10,10],[10,10,17,116,12,19,13,19,12,115,17,10,10],[10,117,13,12,112,19,135,19,112,12,13,18,10],[10,116,113,112,11,19,125,19,11,112,113,115,10],[117,12,120,133,133,121,11,120,133,133,121,12,18],[117,112,123,126,122,131,11,130,122,126,132,112,18],[117,120,126,131,11,140,153,141,11,130,126,121,18],[117,123,132,11,140,127,127,127,141,11,123,132,18],[117,123,132,11,143,127,127,127,152,11,123,132,18],[117,130,131,140,127,127,127,127,127,141,130,131,18],[10,118,118,118,16,127,127,127,15,118,118,118,10],[10,10,10,10,117,127,142,127,18,10,10,10,10],[10,10,10,10,10,118,136,118,10,10,10,10,10]];
tileset = "volcano";
area = "volcano1";
areaname = "Crimson Peak";
ambience = null;
dungeon = "Volcano";
A_sprites = [{name:"Save Crystal",model:"o_Crystal",x:4,y:6,walkspeed:-1,conv:"c_healingCrystal"},{name:"N",model:"area_transition",x:6,y:2,dest:["volcano2",34,38],dir:"n"},{name:"EXIT",model:"area_transition",x:6,y:12,dest:["WORLDMAP",1,1],ARROW:"S"}];
areaLoot = [];
foes = [];
btlChance = 0;
minSteps = 5;
levelrange = [1,1];
musicTrack = "Volcano";
AreaSetup({WARP:1,clearmap:1});
EN_ADD("Places","Crimson Peak");
