map = [[10,10,10,17,17,116,139,115,17,17,10,10,10,10,10,10,10,17,17,17,17,17,17,17,17,10,10,17,17,17,17,17,10,10,10,17,17,17,17,10],[10,10,117,112,112,112,139,112,112,112,18,10,10,10,10,10,117,12,13,12,12,12,12,13,12,18,117,112,112,112,112,112,115,10,117,12,13,12,12,18],[10,10,117,11,11,11,138,11,11,11,18,10,10,10,10,10,117,112,112,112,113,112,112,112,112,115,116,11,111,11,11,11,112,18,117,112,113,135,112,18],[10,10,10,118,118,16,124,15,16,125,18,10,10,10,10,10,117,11,111,11,11,11,11,110,11,112,112,120,133,133,121,11,11,18,117,110,11,11,111,18],[10,10,10,10,10,117,139,18,117,125,115,17,10,10,10,10,117,110,11,11,11,111,11,11,11,11,11,130,122,122,122,137,121,18,117,11,11,11,110,18],[10,10,17,17,17,116,139,115,116,11,112,112,115,10,10,10,10,118,16,11,15,16,11,15,16,110,11,11,11,11,11,11,124,18,117,120,137,133,121,18],[10,116,112,112,112,112,124,112,112,11,11,110,112,18,10,10,10,10,116,11,18,117,125,115,10,118,118,118,118,118,120,134,131,18,116,123,137,126,132,18],[117,112,110,11,11,11,138,11,11,11,111,11,110,18,10,10,10,116,12,125,18,117,11,12,115,17,17,17,17,10,124,15,118,116,12,123,137,126,132,18],[117,11,11,111,11,11,124,11,110,11,11,11,11,18,10,10,117,12,112,125,18,117,125,112,12,12,12,12,12,115,124,115,116,13,112,123,137,126,132,18],[117,11,15,118,118,118,118,118,118,118,16,11,11,18,10,10,117,112,110,11,18,117,11,11,112,112,113,112,112,12,139,12,12,113,120,122,137,126,132,18],[10,136,10,10,10,10,10,10,10,10,10,16,11,18,10,10,117,110,11,11,18,117,110,11,111,11,11,11,110,112,139,112,112,123,132,111,11,123,132,18],[10,10,17,10,10,10,10,10,10,10,10,116,11,115,10,10,116,11,11,11,115,10,16,11,11,11,11,11,11,11,124,11,123,126,132,11,11,123,131,18],[10,117,12,18,10,10,10,10,10,17,116,12,11,12,115,116,13,11,11,11,12,115,116,110,120,133,133,121,11,11,138,11,123,126,126,137,133,132,11,18],[10,117,112,115,17,17,17,17,116,12,12,112,11,112,13,12,112,11,11,11,112,12,12,120,126,126,126,126,133,133,126,137,122,126,126,137,126,132,11,18],[10,117,11,12,12,13,12,12,12,113,112,140,153,141,113,112,110,11,111,11,110,113,112,123,126,126,122,126,126,126,132,11,11,123,126,137,126,132,111,18],[10,117,11,112,112,113,112,112,112,140,153,127,127,152,11,11,11,11,11,11,11,11,110,123,126,132,11,123,126,126,132,11,11,130,122,137,126,132,11,18],[10,117,11,111,11,11,11,11,140,127,127,127,127,152,11,120,133,133,133,133,133,133,133,126,126,132,11,123,126,126,132,11,11,11,11,11,123,132,11,18],[10,10,118,118,118,118,118,16,150,127,127,127,127,152,11,130,126,126,126,126,126,126,126,126,122,131,11,123,126,126,132,110,11,11,11,12,139,139,11,18],[10,10,10,10,10,10,10,10,16,150,127,127,127,151,11,11,130,122,122,126,126,126,126,131,15,16,11,123,126,126,132,11,11,11,12,120,126,131,11,18],[10,10,10,10,10,10,10,10,10,16,127,127,152,11,11,11,11,11,11,123,122,126,132,11,18,117,11,130,126,126,131,11,111,11,120,126,132,11,11,18],[10,10,10,10,10,17,17,17,17,116,150,142,151,11,11,15,118,16,11,138,11,130,131,11,115,117,11,11,130,131,11,11,11,13,123,126,132,11,111,18],[10,17,17,17,116,12,13,12,12,12,11,11,11,11,15,10,10,10,16,124,11,11,11,111,12,117,11,11,11,11,11,11,110,120,126,126,132,11,110,18],[117,12,12,13,12,112,113,112,112,112,11,11,111,110,18,10,10,10,117,124,15,16,11,11,112,117,110,111,11,11,11,11,12,123,126,126,131,11,11,18],[117,112,113,112,112,11,11,11,11,11,11,15,118,118,10,10,10,10,117,139,18,10,16,11,11,18,16,11,11,11,11,11,120,126,126,132,110,11,111,18],[117,110,11,11,11,11,15,118,118,118,118,10,10,10,10,17,10,10,116,124,115,10,10,16,125,18,117,11,11,111,11,12,123,126,126,132,11,11,11,18],[117,11,111,11,11,15,10,10,10,10,10,10,10,10,117,12,18,117,12,139,12,18,10,117,11,18,117,110,11,11,11,120,126,126,126,132,111,11,11,18],[117,11,11,15,118,10,10,10,10,10,10,10,10,10,117,112,115,116,120,126,121,115,17,116,125,18,10,118,16,11,110,130,122,126,126,132,11,11,11,18],[117,11,15,10,10,10,10,10,10,10,10,10,10,10,117,11,12,12,130,122,131,12,13,12,11,18,10,10,117,11,15,118,16,130,122,131,110,11,11,18],[10,136,10,10,10,10,10,10,10,10,10,10,10,10,117,11,11,111,11,11,11,11,11,11,11,18,10,10,10,136,10,10,10,118,118,118,118,118,136,10],[10,10,10,10,10,10,10,10,10,10,10,10,10,10,10,118,118,118,118,118,118,118,118,118,118,10,10,10,10,10,10,10,10,10,10,10,10,10,10,10]];
tileset = "volcano";
area = "volcano5";
areaname = "Crimson Peak";
ambience = null;
dungeon = "Volcano";
A_sprites = [{name:"Purple Keystone",model:"object",x:38,y:12,type:"switch_orb",colour:"amethyst",base:"gold",conv_action:1},{name:"Red Keystone",model:"object",x:26,y:15,type:"switch_orb",colour:"ruby",base:"gold",conv_action:1},{name:"Gold Keystone",model:"object",x:15,y:27,type:"switch_orb",colour:"topaz",base:"gold",conv_action:1},{name:"Gold Gate",model:"object",x:19,y:6,type:"switch_gate",colour:"topaz"},{name:"Purple Gate",model:"object",x:37,y:2,type:"switch_gate",colour:"amethyst"},{name:"1",model:"area_transition",x:1,y:28,dest:["volcano4",17,11]},{name:"2",model:"area_transition",x:29,y:28,dest:["volcano6",4,3]},{name:"3",model:"area_transition",x:38,y:28,dest:["volcano6",27,3]},{name:"4",model:"area_transition",x:1,y:10,dest:["volcano4",16,3]},{name:"5",model:"area_transition",x:37,y:2,dest:["volcano7",1,26]}];
areaLoot = [{x:2,y:14,amount:10,item:"BetterPotion"},{x:3,y:2,amount:6,item:"BalloonJuice"},{x:27,y:2,amount:1,item:"FirestoneRing"}];
foes = MONSTER_TABLES.VOLCANO;
btlChance = 3;
minSteps = 5;
levelrange = MONSTER_LEVELS.VOLCANO;
musicTrack = "Volcano";
AreaSetup({WARP:1});
