map = [[10,10,10,10,10,10,10,10,10,10,17,17,17,17,17,17,17,17,17,16,124,15,17,17,17,17,10,10,10,10],[10,10,10,10,10,10,10,10,17,116,12,12,12,12,13,12,12,12,12,12,139,12,12,12,12,12,115,10,10,10],[10,10,10,10,10,10,10,116,12,12,112,112,112,112,113,112,112,112,112,112,139,112,113,112,135,112,13,115,10,10],[10,10,10,10,10,10,116,12,112,112,110,110,11,11,11,11,11,11,11,11,124,110,11,11,11,11,112,12,18,10],[10,10,10,10,10,116,13,112,11,11,11,11,11,11,11,11,11,111,11,11,124,11,11,111,11,11,11,112,115,10],[10,10,10,17,116,12,112,11,11,11,11,11,11,11,11,11,11,11,110,120,126,121,110,11,11,11,11,11,12,18],[10,17,116,12,12,112,11,111,11,11,110,15,118,118,16,11,11,11,120,126,126,126,121,11,11,11,11,11,113,18],[117,12,12,113,112,11,11,11,11,15,118,10,10,10,10,16,11,11,123,126,126,126,126,121,11,11,11,111,110,18],[117,112,112,110,11,11,11,11,15,10,10,10,10,10,10,117,11,11,123,126,126,126,126,132,11,11,11,11,11,18],[117,110,110,11,11,11,11,15,10,10,10,10,10,10,10,117,110,11,123,126,126,126,126,132,11,11,11,11,11,18],[117,110,11,11,11,11,15,10,10,10,10,10,10,10,10,10,16,11,123,126,126,126,126,132,11,11,11,11,15,10],[10,16,11,11,11,15,10,10,10,10,10,10,10,10,10,10,117,11,130,126,126,126,126,132,11,111,11,11,18,10],[10,116,111,11,110,18,10,10,10,10,10,10,10,10,17,17,116,11,11,130,126,126,126,131,11,11,11,15,10,10],[117,13,11,11,15,10,10,10,10,10,10,17,17,116,12,13,12,11,11,111,130,122,131,11,11,11,15,10,10,10],[117,113,11,15,10,10,10,10,10,10,117,12,12,12,112,113,112,11,11,11,11,11,11,11,11,15,10,10,10,10],[117,11,11,18,10,10,10,10,10,10,117,112,112,113,11,11,111,11,11,11,11,11,11,110,15,10,10,10,10,10],[117,11,15,10,10,10,10,10,10,10,117,110,11,11,11,11,11,11,11,11,11,15,118,118,10,10,10,10,10,10],[117,11,18,10,10,10,10,10,10,10,117,11,111,15,118,16,110,110,15,118,118,10,10,10,10,10,10,10,10,10],[10,136,10,10,10,10,10,10,10,10,117,11,15,10,10,10,118,118,10,10,10,10,10,10,10,10,10,10,10,10],[10,10,10,10,10,10,10,10,10,10,10,136,10,10,10,10,10,10,10,10,10,10,10,10,10,10,10,10,10,10]];
tileset = "volcano";
area = "volcano3";
areaname = "Crimson Peak";
ambience = null;
dungeon = "Volcano";
A_sprites = [{name:"1",model:"area_transition",x:11,y:19,dest:["volcano2",39,3]},{name:"2",model:"area_transition",x:1,y:18,dest:["volcano2",25,8]},{name:"3",model:"area_transition",x:24,y:2,dest:["volcano6",1,14]}];
areaLoot = [];
foes = MONSTER_TABLES.VOLCANO;
btlChance = 3;
minSteps = 5;
levelrange = MONSTER_LEVELS.VOLCANO;
musicTrack = "Volcano";
AreaSetup({WARP:1});
