map = [[10,10,10,17,17,17,10,10,10,10,17,17,17,17,17,17,17,17,10,10],[10,10,116,13,13,13,115,10,10,117,13,139,12,12,13,12,12,12,18,10],[10,116,13,113,113,113,13,115,10,117,112,139,112,112,113,112,135,112,18,10],[117,13,113,11,111,11,113,13,18,116,112,139,113,110,11,11,11,11,18,10],[117,113,111,11,11,11,111,113,117,12,112,139,113,11,11,111,11,110,18,10],[117,11,11,11,11,11,11,11,117,112,120,139,121,11,11,11,11,15,10,10],[117,111,11,11,111,11,11,111,117,120,126,126,132,12,12,12,12,18,10,10],[117,11,11,11,11,11,11,11,117,123,126,126,132,112,112,15,118,10,10,10],[10,16,111,11,11,11,111,15,116,123,126,126,126,133,121,115,17,17,17,10],[10,10,16,11,11,11,15,117,13,123,126,126,126,126,132,12,13,12,12,18],[10,10,10,16,125,15,10,116,112,123,126,126,126,126,132,112,113,135,112,18],[10,10,10,117,125,18,117,12,120,126,126,126,126,126,132,11,11,11,111,18],[10,10,10,117,125,18,117,112,123,126,122,122,122,122,131,11,11,11,11,18],[10,10,10,116,125,115,116,120,126,132,11,11,11,11,11,11,111,11,110,18],[10,10,117,12,125,12,13,123,126,132,11,15,118,118,118,118,118,118,118,10],[10,10,117,112,11,112,113,123,126,132,11,115,10,17,17,10,10,10,10,10],[10,10,117,110,11,11,120,126,126,132,11,12,139,13,12,18,10,10,10,10],[10,10,117,11,111,11,130,122,126,132,11,112,139,112,112,18,10,10,10,10],[10,10,117,11,11,11,11,110,123,132,11,11,138,11,11,18,10,10,10,10],[10,10,10,16,134,137,134,134,122,132,12,12,139,12,11,18,10,10,10,10],[10,10,10,117,110,11,11,11,11,132,112,113,139,112,11,18,10,10,10,10],[10,10,10,10,16,11,11,111,11,123,133,133,122,121,11,18,10,10,10,10],[10,10,10,10,117,111,11,11,110,123,126,132,11,11,11,18,10,10,10,10],[10,10,10,10,117,11,11,11,11,123,126,132,11,15,118,10,10,10,10,10],[10,10,10,10,116,134,134,137,134,126,126,132,11,115,10,10,10,10,10,10],[10,10,117,139,12,11,11,11,110,123,126,132,11,12,115,10,17,17,10,10],[10,10,116,139,112,11,111,11,11,123,126,132,11,112,12,139,13,12,115,10],[10,117,13,139,110,11,11,11,11,123,126,132,11,11,112,139,113,112,12,18],[10,116,112,130,134,137,134,134,133,126,126,132,11,11,11,124,11,110,112,18],[117,12,140,153,153,153,153,141,123,126,126,132,11,11,11,138,11,111,110,18],[117,113,143,127,127,127,127,151,123,126,126,132,13,111,11,124,11,11,11,18],[117,140,127,127,127,127,151,120,126,126,126,126,112,12,13,139,12,11,11,18],[117,143,127,127,127,151,120,126,126,126,126,126,121,112,113,139,112,12,11,18],[117,143,127,127,152,120,126,126,126,126,126,126,126,133,133,139,121,112,11,18],[117,143,127,127,151,123,126,126,126,126,126,126,126,126,126,126,126,121,11,18],[117,143,127,151,120,126,126,126,126,126,126,126,126,126,126,126,126,132,11,18],[117,143,152,15,16,130,122,126,126,126,126,126,126,126,126,126,122,131,11,18],[117,150,151,18,10,118,16,130,122,122,126,126,126,126,126,131,15,16,125,18],[10,16,11,18,10,10,10,118,118,16,130,122,122,122,131,15,10,117,125,18],[10,10,136,10,10,10,10,10,10,10,118,118,118,118,118,10,10,10,136,10]];
tileset = "volcano";
area = "volcano4";
areaname = "Crimson Peak";
ambience = null;
dungeon = "Volcano";
A_sprites = [{name:"Red Gate",model:"object",x:4,y:15,type:"switch_gate",colour:"ruby"},{name:"1",model:"area_transition",x:18,y:39,dest:["volcano2",14,2]},{name:"2",model:"area_transition",x:2,y:39,dest:["volcano2",3,3]},{name:"3",model:"area_transition",x:17,y:10,dest:["volcano5",1,27]},{name:"4",model:"area_transition",x:16,y:2,dest:["volcano5",1,9]}];
areaLoot = [{x:4,y:6,amount:1,item:"Flamemail"},{x:1,y:5,amount:645,type:"gold"},{x:2,y:4,amount:1,item:"Gold Ore"},{x:3,y:3,amount:1,item:"PhoenixDown"},{x:4,y:3,amount:1,item:"Mirrilixir"},{x:5,y:3,amount:1,item:"Tiki Mask"},{x:6,y:4,amount:1,item:"FigJuice"},{x:7,y:5,amount:1,item:"PhoenixPinion"},{x:14,y:3,amount:1,item:"Gold Ore"},{x:13,y:5,amount:1,item:"Purple Conch"}];
foes = MONSTER_TABLES.VOLCANO;
btlChance = 3;
minSteps = 5;
levelrange = MONSTER_LEVELS.VOLCANO;
musicTrack = "Volcano";
AreaSetup({WARP:1});
