map = [[10,10,10,10,10,10,10,10,10,10,10,10,10,10,10,10,10,10,10,10,10,10,10,10,10,10,10,10,10,10,10,10,10,10,10,12,117,12,10,10],[10,10,10,10,10,10,10,10,10,10,10,10,10,10,10,10,10,10,10,10,10,10,10,10,10,10,10,10,10,10,10,10,10,10,12,13,13,13,12,10],[10,10,10,10,10,10,10,10,10,10,10,10,10,10,10,10,10,10,10,10,10,10,10,10,10,10,10,10,10,10,10,10,10,12,13,30,11,30,13,12],[14,118,14,14,123,124,14,14,118,14,14,121,122,14,14,118,14,14,123,124,14,14,118,14,14,121,122,14,14,118,14,14,14,13,30,11,11,11,30,13],[15,15,15,15,133,134,15,15,15,15,15,131,132,15,15,15,15,15,133,134,15,15,15,15,15,131,132,15,15,15,15,16,15,30,11,11,17,11,11,30],[11,11,11,11,11,11,11,11,11,11,11,11,11,11,11,11,11,11,11,11,11,11,11,11,11,11,11,11,11,11,11,11,11,11,11,11,11,11,11,11],[11,10,10,10,10,10,10,10,10,10,10,10,10,10,10,10,10,10,10,10,10,10,10,10,10,10,10,10,10,10,10,10,10,30,11,11,11,11,11,30],[11,10,10,10,10,10,10,10,10,10,10,10,10,10,10,10,10,10,10,10,10,10,10,10,10,10,10,10,10,10,10,10,10,10,30,11,11,11,30,10],[11,10,10,10,10,10,10,10,10,10,10,10,10,10,10,10,10,10,10,10,10,10,10,10,10,10,10,10,10,10,10,10,10,10,10,30,11,30,10,10],[11,10,10,10,10,10,10,10,10,10,10,10,10,10,10,10,10,10,10,10,10,10,10,10,10,10,10,10,10,10,10,10,10,10,10,10,10,10,10,10],[11,10,10,10,10,10,10,10,10,10,10,10,10,10,10,10,10,10,10,10,10,10,10,10,10,10,10,10,10,10,10,10,10,10,10,10,10,10,10,10],[120,10,10,10,10,10,10,10,10,10,10,10,10,10,10,10,10,10,10,10,10,10,10,10,10,10,10,10,10,10,10,10,10,10,10,10,10,10,10,10]];
tileset = "warport";
area = "warport2T4";
areaname = "AIW - Terminal 4";
ambience = null;
dungeon = "Warport";
WarportSecurity = {};
A_sprites = [{name:"Receptionist",model:"warpgirl",x:36,y:2,walkspeed:-2,dir:"s",elem:"LIGHT",conv:[["grin","Thank you for warping with us, sir. Please head down the passage to get yourself hastily out of our lovely warport. Your patronage is unimportant to us."]]},{name:"Portal",model:"o_portal",x:36,y:4,conv:[["","We hope you enjoyed your trip. Please leave the arrivals area."]]},{name:"Exit",model:"area_transition",x:0,y:11,dir:"s",dest:["warport2",17,2],ARROW:"S"}];
areaLoot = [];
foes = [];
btlChance = 0;
minSteps = 5;
levelrange = [1,1];
musicTrack = "PleasantAir";
AreaSetup({WARP:0,clearmap:1});
EN_ADD("Places","AeropolisWarport");
